% # columns="iteration, evaluation, sigma, axis ratio, bestever, best, median, worst objective function value, interquartile range, further/more values", seed=854797, Sun Feb 16 19:12:32 2025, <python>{}</python>
1 10 0.9973364113161943 1.0000444454321133 2299378.794181967 2.2993787941819672e+06 3620228.553562692 12951896.534371872 2917904.4501782805   
2 20 1.1270049322243756 1.3005541626757788 1619894.492012838 1.6198944920128379e+06 4440759.852857546 8595891.965811996 3745056.0928583676   
3 30 1.204912299925262 1.4124006368205522 1619894.492012838 1.9275832672702209e+06 4547306.101342362 10660383.82153834 1851143.8830912458   
4 40 1.2272072354225465 1.4620541756138872 1613001.115849074 1.6130011158490740e+06 4958632.729253811 9655141.834906321 2521621.3545620404   
5 50 1.224965438690237 1.508526760277383 1613001.115849074 2.8829998514485387e+06 4177806.456028047 7339516.8893354 1952002.4633297608   
6 60 1.2588724291983233 1.6051368032269402 1613001.115849074 1.6171008857074897e+06 3061687.2043349594 5087725.192024503 1806973.6980593759   
7 70 1.2002047278496215 1.5863608309173187 1397990.9911740413 1.3979909911740413e+06 4426226.442804832 13070238.881871363 8967537.348817604   
8 80 1.1517717203652662 1.7179433567493054 1397990.9911740413 2.0790492086282978e+06 3637301.641419615 9164652.507160638 4063117.1784439064   
9 90 1.1090196394609066 1.8500346790294204 1397990.9911740413 1.8087610998745933e+06 4078836.020627934 5756279.998553533 1915476.425785008   
10 100 1.0897298642995492 1.9247078204708454 1397990.9911740413 2.2014161981836511e+06 2667737.645999663 8653991.980781002 2438811.781494206   
11 110 1.0228261683900477 2.0287730936166404 1397990.9911740413 1.4463724685256048e+06 3076678.1859226837 9882772.05145576 1898683.0990577643   
12 120 1.0307475927763603 2.1431606736011686 1397990.9911740413 1.8888090795566963e+06 3215093.148576656 4552040.407950362 1295687.158412796   
13 130 1.0836638742500995 2.209822497119672 1397990.9911740413 1.6193113905417966e+06 3279973.143091083 5690117.617627595 1719383.044409422   
14 140 1.0379996394107096 2.417424680112663 1397990.9911740413 2.0389803501351629e+06 2881374.1833519284 6470583.333245825 1613737.3849453265   
15 150 1.036636392486672 2.5820768296086207 1397990.9911740413 1.4456127895258164e+06 2267870.8281917023 4209857.725816402 2286257.1480459366   
16 160 1.0978224423976166 2.6971098967544385 1397990.9911740413 1.6069812284415795e+06 2730637.7503891736 4497237.952804634 1791611.1012101828   
17 170 1.1392581726509798 2.8091228384403015 1397990.9911740413 1.5201288233729624e+06 3065394.9926721514 6414518.798848648 1409158.3517219247   
18 180 1.1863820650607761 2.988494206157149 1397990.9911740413 1.8325245178179923e+06 2628923.51487579 5788692.197914026 897881.4763755167   
19 190 1.1077006570462429 3.057178486147214 1397990.9911740413 1.6209250732639406e+06 3555759.0285929167 6052450.122340081 1805460.2746644537   
20 200 1.072842616439316 3.1672896960365993 1397990.9911740413 1.5988169672442356e+06 2823458.62253414 6596799.4581756005 936020.7283618879   
21 210 0.9737509836235378 3.3200737512364746 1397990.9911740413 1.6051508815468224e+06 2192444.5048693633 2809645.819181511 670961.6919447309   
22 220 0.9249745336936486 3.483432421790982 1397990.9911740413 1.4519260086810850e+06 2279781.2126402864 3761315.8198414473 838336.9195057217   
23 230 0.8703333642042606 3.7519044385782605 1369604.260166853 1.3696042601668530e+06 2215290.3709624535 4318596.479503674 554016.3549720307   
24 240 0.8295500960056661 3.8547310653506908 1369604.260166853 1.5260601295378110e+06 2307554.0630870573 3075827.9203730053 471031.5626161387   
25 250 0.7836386004291261 3.98614698615763 1369604.260166853 1.7108451363687324e+06 2412299.851623446 3209315.1173730767 716951.2952287721   
26 260 0.7669173853031357 4.1996870469655185 1369604.260166853 1.4224437796675430e+06 1998586.7462781775 2855540.6340044686 345011.09496684093   
27 270 0.7660231599129458 4.575616203392499 1369604.260166853 1.4480297154360446e+06 1659759.7124438903 2186281.112270935 562159.7370903403   
28 280 0.696445092852978 4.678036783507021 1329040.6417571553 1.3290406417571553e+06 1737094.3495855625 2601091.1905172123 449781.4711823431   
29 290 0.6952618741819964 4.985286713647336 1329040.6417571553 1.3458571339923460e+06 1703632.0770589642 2953570.619909292 180634.51463140966   
30 300 0.7750045531481989 5.165572516636089 1329040.6417571553 1.3683374970156588e+06 1579641.3588331933 2031478.0838333908 497233.3838127842   
31 310 0.7859341421045429 5.6878707905692965 1329040.6417571553 1.6530084564802588e+06 2169875.3521637754 2740663.435558228 295074.199566375   
32 320 0.7103153507891576 6.036545335288785 1329040.6417571553 1.3638209688909594e+06 1977273.4682438318 2757494.4499270055 707904.0554721286   
33 330 0.7076868467477228 6.225181085161413 1246999.5325846388 1.2469995325846388e+06 1594029.5410559399 2011054.255222864 146612.46242857166   
34 340 0.7466554806009574 6.256148138506235 1246999.5325846388 1.3259685839346524e+06 1659835.796850776 2189950.726840236 378784.6686433072   
35 350 0.6996425720797962 6.4580403908638795 1226032.7767767794 1.2260327767767794e+06 1571774.1123216804 2219538.5211351314 233898.06535903597   
36 360 0.6175859473121535 6.695060479051492 1226032.7767767794 1.3625392751237773e+06 1476817.6898601796 1803531.4201248656 136428.38801372098   
37 370 0.606061432560294 6.79291247784301 1226032.7767767794 1.2788614635627260e+06 1414968.8249621307 2017866.9610421383 361673.78893665224   
38 380 0.556819872727975 7.457409967355153 1226032.7767767794 1.2622236385245114e+06 1409089.7619968697 1775470.7798660123 325432.2994146249   
39 390 0.5494240930583538 7.660894128246276 1226032.7767767794 1.2948233438388808e+06 1391019.6156829577 1618133.0660676928 170267.81289801933   
40 400 0.5202198541487036 8.110344519690518 1226032.7767767794 1.3041327850780883e+06 1373319.5733133208 1596250.3094987413 121522.84929462778   
41 410 0.46730235806003206 8.140787887414522 1226032.7767767794 1.2693745681344024e+06 1420806.4114724735 1949362.3894189592 153030.2835506308   
42 420 0.42426787908237973 8.410984567788727 1226032.7767767794 1.2282283455743059e+06 1301287.234765018 1513092.1708086648 97643.64326328156   
43 430 0.4479315773251186 8.840934349423867 1226032.7767767794 1.2285193355145748e+06 1313227.384453147 1439071.4875370415 135703.43736293167   
44 440 0.4395638414021339 9.643065974425921 1226032.7767767794 1.2420691361401679e+06 1388109.5822695275 1541386.2496180972 173884.338831353   
45 450 0.4472249803966595 10.528481532823346 1226032.7767767794 1.2515019106111757e+06 1290291.6885156068 1623341.8944831372 43380.421561127994   
46 460 0.443292868316786 10.827224303850313 1226032.7767767794 1.2537833462536850e+06 1388078.816197463 1553053.562237821 120603.69449537084   
47 470 0.42801804736034343 11.84193241007999 1226032.7767767794 1.2473540753801463e+06 1330944.003199528 1439655.153146115 42442.798295488115   
48 480 0.41251446579239665 12.396817745533436 1226032.7767767794 1.2324724400516583e+06 1339577.9457801543 1544291.8602729428 116078.49195574434   
49 490 0.45264638898403664 13.092185499547924 1226032.7767767794 1.2307070379850045e+06 1322938.405710199 1539343.9820585267 104950.89057124825   
50 500 0.48193368425659905 14.789121890065307 1226032.7767767794 1.2352414487678388e+06 1302581.454991872 1332217.573221136 58805.84693208081   
51 510 0.44617676341528184 15.365515942236971 1226032.7767767794 1.2560945547973537e+06 1315324.706151625 1459359.9890095806 123691.8388021919   
52 520 0.4514171641965575 15.579500154876907 1226032.7767767794 1.2368889673966535e+06 1330400.2961573957 1401590.7634271816 140576.17724181735   
53 530 0.49114095705208793 17.07083322886948 1226032.7767767794 1.2298190951963230e+06 1304669.5900964509 1449252.0593738086 64745.044809018495   
54 540 0.5149029288303235 17.836040442446528 1226032.7767767794 1.2482127678529338e+06 1355009.3597318293 1451799.647891974 148445.89046539506   
55 550 0.5235316818549792 18.59496294334494 1226032.7767767794 1.2603948600552178e+06 1300458.850546072 1538758.1647272506 132814.9112063758   
56 560 0.4791960386514597 19.216443086391465 1226032.7767767794 1.2339689273274485e+06 1302756.9771704609 1437297.254369051 121183.64730002661   
57 570 0.4343911916214638 20.174856502064966 1226032.7767767794 1.2378815231414312e+06 1356101.6609461165 1429869.9785587194 144187.51657403912   
58 580 0.4163856244263199 20.319359352830627 1226032.7767767794 1.2302917076661293e+06 1285432.0012383168 1462255.8589812734 90275.28926440072   
59 590 0.39286058656325545 21.815416654013053 1226032.7767767794 1.2263855774691550e+06 1266335.9491300466 1374443.1486099295 45683.10899458313   
60 600 0.3664829093389067 22.810808929803255 1226032.7767767794 1.2308161028113274e+06 1256379.973310973 1314934.0698491186 13588.37175629381   
61 610 0.3452940633372754 23.209598416080944 1226032.7767767794 1.2379284572415871e+06 1263567.99683456 1293634.3898532963 38403.74668886559   
62 620 0.32501087665858835 22.830971973072867 1226032.7767767794 1.2320659229315312e+06 1274368.255681273 1332495.249884549 53059.09971937514   
63 630 0.30603652006975346 22.727259731619924 1226032.7767767794 1.2294812520700740e+06 1254088.1599381045 1275837.526958282 28349.918908523163   
64 640 0.2645320133265852 23.133682626931517 1225025.3548901272 1.2250253548901272e+06 1258378.8136871236 1328278.365001064 26750.442187555833   
65 650 0.2392699132729194 22.859097965743207 1225025.3548901272 1.2273812529802839e+06 1237175.2990824773 1267865.2527657333 20046.87314034626   
66 660 0.2171995196896426 23.442478424818777 1220937.4238439365 1.2209374238439365e+06 1228742.523368531 1260002.1081607533 9528.069674234837   
67 670 0.18738032457448167 24.87323061424211 1220937.4238439365 1.2230916674780764e+06 1235458.205748614 1256532.8873106218 10716.65640969621   
68 680 0.1741193908009139 26.96929731882632 1219729.7966726993 1.2197297966726993e+06 1226842.2636401833 1240188.0470659481 10488.230496742064   
69 690 0.16530337917314553 28.828877226061614 1219464.9141963345 1.2194649141963345e+06 1224443.7195549728 1234288.0069448778 5780.843324848218   
70 700 0.14802125441733024 29.54803043467843 1219464.9141963345 1.2196564599008835e+06 1222623.811363386 1231683.3950138083 3515.0013937209733   
71 710 0.13786201816712385 28.520303574201737 1219464.9141963345 1.2207429665974386e+06 1224345.0136489237 1228795.9285181686 5720.606416192371   
72 720 0.13388695655967264 29.22498335944116 1219464.9141963345 1.2208491889846865e+06 1223090.5206763688 1226659.4035829406 2256.4647200475447   
73 730 0.11941946701421875 31.245504342346607 1219464.9141963345 1.2197086290325103e+06 1222573.4511624698 1226100.827906066 2458.435985696269   
74 740 0.11243451216980938 32.541703223271575 1219464.9141963345 1.2208946577418658e+06 1224157.9868539309 1227228.2653946956 2378.541880274657   
75 750 0.10251636994922562 34.100718836800475 1219464.9141963345 1.2208471406198831e+06 1223112.119931924 1228984.6703836625 1895.8586735501885   
76 760 0.09211767492853339 35.12717266738959 1219464.9141963345 1.2204196818900513e+06 1222145.551725185 1226051.1330516874 1911.3118548046332   
77 770 0.08725778082466193 36.02213514095428 1219464.9141963345 1.2195435951527932e+06 1221183.7208612706 1225601.572198983 800.5650998649653   
78 780 0.07871896985770747 38.07612408919656 1219464.9141963345 1.2199338029995414e+06 1220411.8586584686 1222406.9441479652 1053.9454376457725   
79 790 0.0803436603519578 38.40350893093413 1219464.9141963345 1.2196562820417937e+06 1220676.8346837622 1224360.5751212707 1024.3627838157117   
80 800 0.07871299558901337 37.43613853864606 1219193.1414184116 1.2191931414184116e+06 1220089.539424867 1223690.8340355377 1707.385517366929   
81 810 0.07443099439943412 39.81493294950276 1219149.6910334185 1.2191496910334185e+06 1219811.7142683791 1220843.177298829 781.1558056119829   
82 820 0.06598965501137037 40.767890042036676 1219149.6910334185 1.2194197006163171e+06 1220576.795228291 1221629.4917105013 1108.1687959320843   
83 830 0.06124130244505951 41.58244240979547 1219098.6464842975 1.2190986464842975e+06 1219930.1793507526 1220770.446438051 507.0127987940796   
84 840 0.057224872970950025 42.345896302911335 1218728.6420990154 1.2187286420990154e+06 1219506.7149536908 1221183.7938721061 648.9735488221049   
85 850 0.05971902435324974 43.79117468529014 1218584.4297688538 1.2185844297688538e+06 1219402.500861411 1220168.202305499 358.602861716412   
86 860 0.06622804259841467 47.40771365804006 1218510.3845201514 1.2185103845201514e+06 1218920.9238688194 1219327.2170818583 395.8850107330363   
87 870 0.07253204851633 49.970760946643495 1218454.8350315685 1.2184548350315685e+06 1219029.8648934292 1220012.3516590598 821.6426167062018   
88 880 0.08096017219481551 49.900217875596624 1218022.549120737 1.2180225491207370e+06 1218969.4868853206 1220670.6117106176 685.5468384630512   
89 890 0.08460540585506295 50.27641879321837 1218022.549120737 1.2182102281903205e+06 1218808.7168156614 1220105.5408518945 847.1236910924781   
90 900 0.09439911249972889 53.91774540269676 1217859.0102254066 1.2178590102254066e+06 1218341.3570597589 1220575.1412199314 749.0430892384611   
91 910 0.10404165878283733 57.75111567090101 1217778.5179311505 1.2177785179311505e+06 1218960.016404902 1220867.2904041787 1408.1325742141344   
92 920 0.10222991830754886 64.54826499770381 1217412.9429285128 1.2174129429285128e+06 1218445.679973178 1219595.9298490768 789.8088527168147   
93 930 0.10447939935241174 64.8447947506634 1217284.5526711901 1.2172845526711901e+06 1218568.3336084688 1219936.044609476 1716.0854552590754   
94 940 0.11236866149721471 68.0726305835513 1217284.5526711901 1.2174512929155279e+06 1218746.177265599 1219874.253516352 1419.30309997336   
95 950 0.1107236193430383 71.45099271889691 1217284.5526711901 1.2174371665879609e+06 1218144.466871622 1223037.0794474944 2282.5452676797286   
96 960 0.10929355895251908 76.8252946093541 1217110.1702893565 1.2171101702893565e+06 1217725.0725088133 1218897.9278845862 833.6839443885256   
97 970 0.10725011945998575 74.31009861528898 1216934.9378097865 1.2169349378097865e+06 1218465.585576336 1220341.5980748562 1830.3310755025595   
98 980 0.0995835457244335 76.92862963130395 1216934.9378097865 1.2170125895684725e+06 1217632.653579085 1219467.0309811071 1044.06045567221   
99 990 0.08994270248601109 76.74164180602888 1216934.9378097865 1.2170872933617525e+06 1218696.3814613929 1219351.9484661252 1815.0332779218443   
100 1000 0.08427527421710251 76.8504284105428 1216722.8355451298 1.2167228355451298e+06 1217436.6709226905 1217722.3560627552 313.4161635192577   
101 1010 0.08468258023776593 76.21687127106067 1216527.7849213246 1.2165277849213246e+06 1217363.8315712211 1218320.1320522937 276.7750045566354   
102 1020 0.0851889867995482 75.53767744493908 1216527.7849213246 1.2166431599802661e+06 1217031.1210111682 1217666.024286123 551.7436603158712   
103 1030 0.09578303993223872 79.50555297046925 1216527.7849213246 1.2167023318561071e+06 1217171.0076158382 1218268.8112089378 632.4960262938403   
104 1040 0.08799078151874466 83.9925239454035 1216527.7849213246 1.2168012350534941e+06 1217306.3457487866 1218999.7422222134 866.6353406768758   
105 1050 0.0856852086530907 84.87409589768546 1216527.7849213246 1.2165659276981940e+06 1216970.6804551731 1217646.567241673 628.9057628852315   
106 1060 0.08439009020285218 87.71064715600882 1216527.7849213246 1.2167783107602745e+06 1217316.2934867907 1217544.6308740757 412.0143260215409   
107 1070 0.08206589924446882 86.86217296168479 1216527.7849213246 1.2168421318756111e+06 1217123.134865115 1217752.467203303 416.0376168019138   
108 1080 0.08334677227844894 88.44533108943693 1216527.7849213246 1.2169222128550343e+06 1217032.069351389 1217457.3038575763 114.88530611153692   
109 1090 0.08028518132984999 91.07634741881746 1216527.7849213246 1.2165559005372073e+06 1217041.6682940717 1217953.8876087319 327.3400961277075   
110 1100 0.07698068066916074 96.55037961232163 1216527.7849213246 1.2167269898275093e+06 1217051.8230111662 1217345.852858908 354.28722686646506   
111 1110 0.0726699031160565 94.9690237191764 1216527.7849213246 1.2165610337879760e+06 1216743.943519776 1217789.1308432189 158.51316943019629   
112 1120 0.07059265083057922 92.82346700683848 1216504.85836874 1.2165048583687400e+06 1216772.754234594 1217236.9151542606 253.08259762637317   
113 1130 0.06217782626319003 91.81286056337918 1216454.384650764 1.2164543846507641e+06 1216732.3825235425 1216883.5069005208 316.5944380152505   
114 1140 0.05758797479766311 93.02496425537345 1216454.384650764 1.2164782487857474e+06 1216565.7635651913 1216847.1561429657 199.8712575705722   
115 1150 0.04852209151930792 89.2254797973417 1216454.384650764 1.2165166700865456e+06 1216788.5480770385 1217081.1842578813 288.5803786457982   
116 1160 0.04487669924139068 91.1749465796001 1216412.3288537245 1.2164123288537245e+06 1216562.2652624487 1216977.051686877 120.12135297805071   
117 1170 0.04293469492070577 88.64162814137941 1216412.3288537245 1.2164510359946603e+06 1216529.6211042898 1216749.8252654988 83.74493015487678   
118 1180 0.03949015942943193 89.87013069955512 1216412.3288537245 1.2164558678266213e+06 1216523.6211237398 1216608.7044568278 80.71289898385294   
119 1190 0.036943720309622764 94.36082810092059 1216412.3288537245 1.2164273752558369e+06 1216485.2177084011 1216552.0682350139 72.7764286021702   
120 1200 0.03256316807786032 94.38551149418048 1216412.3288537245 1.2164561163004988e+06 1216528.9820481574 1216573.5968622495 52.372918758308515   
121 1210 0.02949810041458695 90.20822211272105 1216412.3288537245 1.2164282250364977e+06 1216449.4197252255 1216664.2550117036 54.747292645974085   
122 1220 0.026079980877162297 92.64237188205144 1216404.5590882064 1.2164045590882064e+06 1216461.3221117677 1216497.929139938 18.678571705706418   
123 1230 0.024159535484016028 93.84996520854621 1216404.5590882064 1.2164216434994901e+06 1216437.1625893507 1216543.5147100599 57.634688754798844   
124 1240 0.022023123719863265 97.14774105544662 1216404.5590882064 1.2164126130267330e+06 1216444.3253583906 1216479.1966314646 40.23712612641975   
125 1250 0.02104340356302577 90.54655068126677 1216404.5590882064 1.2164053658398960e+06 1216420.159319816 1216437.0136319215 11.37675126036629   
126 1260 0.019509716814826633 85.7357739580817 1216404.5590882064 1.2164057156548456e+06 1216420.6798606534 1216442.0263543816 19.27199755841866   
127 1270 0.020217139201268067 86.99869842595926 1216401.867436131 1.2164018674361310e+06 1216410.0508088744 1216443.0935570407 12.209039763081819   
128 1280 0.019106776310921388 79.95488955267555 1216396.0300319125 1.2163960300319125e+06 1216423.233313059 1216460.7530008713 22.00837033125572   
129 1290 0.017868727871344664 77.47019583857922 1216396.0300319125 1.2163974018432270e+06 1216410.8964636782 1216420.7106525402 8.689594042254612   
130 1300 0.015351206734481461 76.14582849909674 1216396.0300319125 1.2163975555102089e+06 1216409.0597727492 1216425.6900164667 12.690077163744718   
131 1310 0.013632687023276024 74.4533193489211 1216393.9188860452 1.2163939188860452e+06 1216401.1132556754 1216409.5378718455 7.848653097171336   
132 1320 0.013564435491350179 74.19959409980288 1216393.9188860452 1.2163942627824640e+06 1216400.8982222793 1216410.0838146715 9.527950210031122   
133 1330 0.013910594626319925 75.73603225074407 1216393.9188860452 1.2163944175321304e+06 1216397.6978999993 1216408.9386910512 4.419630489544943   
134 1340 0.013115443189662089 80.10409462044673 1216393.9188860452 1.2163963699730097e+06 1216402.4561591635 1216413.4963260142 7.2698793318122625   
135 1350 0.0122969573640162 83.1760669871805 1216393.9188860452 1.2163944007161751e+06 1216401.6183844986 1216412.839369715 8.947089705616236   
136 1360 0.011407592872202738 77.98543073554686 1216393.9188860452 1.2163943766238920e+06 1216398.6095534917 1216401.0819166894 4.587269482435659   
137 1370 0.010596003112175931 78.36422462993096 1216392.8764662659 1.2163928764662659e+06 1216397.0135210934 1216403.5277313131 3.5222111786715686   
138 1380 0.010477228329842114 80.13231774419695 1216392.8764662659 1.2163934933871033e+06 1216396.2830137564 1216406.734477065 3.280752070248127   
139 1390 0.01024078943410839 80.92296570530868 1216391.554274199 1.2163915542741991e+06 1216395.2152048168 1216398.8306726879 4.635702636325732   
140 1400 0.0097846888285824 86.29087385150794 1216391.554274199 1.2163923939749748e+06 1216394.8667820734 1216395.9171294363 1.8391595198772848   
141 1410 0.009678303568298843 87.15146680659531 1216390.603656396 1.2163906036563960e+06 1216393.2631586415 1216395.267571183 2.637199203018099   
142 1420 0.010568649435542352 95.42018289451296 1216390.603656396 1.2163910086595528e+06 1216394.06238656 1216397.4307440529 1.7029597277287394   
143 1430 0.01032862073044499 109.23656871067732 1216390.603656396 1.2163913688070122e+06 1216393.4137447833 1216399.3735757314 3.558828097069636   
144 1440 0.010639675821712035 114.84366545870007 1216390.603656396 1.2163916449423095e+06 1216394.2617340486 1216396.8810921065 1.5641499403864145   
145 1450 0.010172076089436311 116.94331328558432 1216390.603656396 1.2163927252903045e+06 1216395.0681278848 1216400.2237148471 1.9920160467736423   
146 1460 0.009547979443717991 124.72417264913413 1216390.603656396 1.2163916830829291e+06 1216394.3869414867 1216397.4939126638 2.8935305129271   
147 1470 0.009050730922734753 127.31317580697207 1216390.603656396 1.2163911424649942e+06 1216393.6864641109 1216395.8119657366 2.562018630327657   
148 1480 0.009124774617967407 126.01830279607724 1216390.10241179 1.2163901024117901e+06 1216392.2053430437 1216394.0792498384 1.5990684537682682   
149 1490 0.010129337331535829 123.0328538119046 1216390.10241179 1.2163905571817404e+06 1216391.399876483 1216396.3902626145 0.9415990372654051   
150 1500 0.010689289955299735 125.64432724254308 1216390.10241179 1.2163901550425319e+06 1216394.2447443723 1216398.7160516698 5.000874120742083   
151 1510 0.010925087348422726 122.24971360019549 1216390.10241179 1.2163909474554693e+06 1216392.0775710833 1216396.4680450272 2.8725008389446884   
152 1520 0.010267938605757776 122.16735677591487 1216388.6671464848 1.2163886671464848e+06 1216391.686728815 1216394.3695996308 1.6340453729499131   
153 1530 0.010059909821535878 128.42284361377753 1216388.6671464848 1.2163891517307414e+06 1216391.6945536332 1216394.7664153986 1.7231391426175833   
154 1540 0.009897816565502723 126.83421553903484 1216388.529256284 1.2163885292562840e+06 1216391.381438848 1216395.4472016392 4.891449697082862   
155 1550 0.00967558775315693 135.84277155914813 1216388.2643168631 1.2163882643168631e+06 1216389.779208327 1216394.7202381915 1.3761352538131177   
156 1560 0.008980262654725329 137.6761586136988 1216388.2643168631 1.2163891019821372e+06 1216391.6723826001 1216394.087286279 1.5708602219820023   
157 1570 0.008102740661441383 140.69517199877384 1216388.1348748412 1.2163881348748412e+06 1216389.8060002923 1216390.6768800404 1.0109925011638552   
158 1580 0.008286042016876279 139.71998396851328 1216387.1338956882 1.2163871338956882e+06 1216389.5753561938 1216390.2884791559 2.501873985864222   
159 1590 0.008401616263141832 147.8556819148411 1216386.7554918565 1.2163867554918565e+06 1216388.629714181 1216389.8110477638 1.4506106707267463   
160 1600 0.008576039915224588 157.95493250527028 1216386.7554918565 1.2163870535470550e+06 1216388.0102423117 1216389.359324121 1.0084305580239743   
161 1610 0.008852550816142255 172.65662756011386 1216386.7554918565 1.2163870397949771e+06 1216387.8779774052 1216389.383660479 1.5540546600241214   
162 1620 0.008717323010502409 164.89772047720157 1216385.930033007 1.2163859300330069e+06 1216388.9083672483 1216390.5719157325 1.4000444563571364   
163 1630 0.008280360784934458 171.3354125754248 1216385.7136176713 1.2163857136176713e+06 1216388.1185490305 1216392.2084571775 1.9957926322240382   
164 1640 0.008230523328499011 185.77270027581378 1216385.4435024236 1.2163854435024236e+06 1216386.7691751076 1216388.517233163 0.9100986160337925   
165 1650 0.00888514951596082 196.0739177449502 1216384.7106333184 1.2163847106333184e+06 1216387.1709387156 1216388.9052129956 1.7344894292764366   
166 1660 0.009355895056332027 208.91959920930105 1216384.7106333184 1.2163847448771622e+06 1216385.5453424943 1216387.393980663 0.8855255737435073   
167 1670 0.009053225694769617 221.4473445091331 1216384.7106333184 1.2163850729348108e+06 1216386.2302650933 1216388.101901732 1.1480428553186357   
168 1680 0.009782230828645055 219.96456695785406 1216383.8099592319 1.2163838099592319e+06 1216386.5303470646 1216387.1422611866 2.6060408072080463   
169 1690 0.010658292521640815 226.90675045932633 1216382.275781502 1.2163822757815020e+06 1216384.8741960744 1216385.4916544554 0.9453023415990174   
170 1700 0.012283633957282018 236.25499096945603 1216381.0603312482 1.2163810603312482e+06 1216384.60966169 1216386.3830231107 2.9677086861338466   
171 1710 0.014036181004019531 249.89550053641995 1216381.0603312482 1.2163814868798258e+06 1216384.1948250618 1216386.9900801876 4.986598197603598   
172 1720 0.015106133401159136 265.285208063893 1216379.7908367787 1.2163797908367787e+06 1216383.0268711578 1216387.3657543038 3.014015552122146   
173 1730 0.017850712915072394 286.09700596129437 1216379.3572771996 1.2163793572771996e+06 1216381.979887202 1216387.2824188073 2.1768667155411094   
174 1740 0.019919354678667883 292.51206267210574 1216374.8929440149 1.2163748929440149e+06 1216384.7930890175 1216388.3539029697 9.091383391991258   
175 1750 0.020742426257090302 300.67042678329 1216374.8929440149 1.2163755739591478e+06 1216380.5247005543 1216382.5997207554 4.488287986954674   
176 1760 0.023046487786565612 314.09246948191077 1216373.7374692028 1.2163737374692028e+06 1216379.8020306244 1216382.192167533 3.4535680806729943   
177 1770 0.023676266772355646 332.5872159176398 1216373.7374692028 1.2163753219535418e+06 1216382.5399890968 1216386.9082574935 7.152276650071144   
178 1780 0.0237311339377997 344.6227311662283 1216373.7374692028 1.2163764931840750e+06 1216379.7220565625 1216386.4729880863 3.644781842129305   
179 1790 0.02385381270247526 374.7251611918341 1216373.708162339 1.2163737081623389e+06 1216382.1025112944 1216389.2191297247 7.149785385467112   
180 1800 0.023660933666875876 388.95941197719844 1216370.5018042903 1.2163705018042903e+06 1216377.2142173399 1216391.805663668 6.200538920471445   
181 1810 0.025001617988907987 385.333677025707 1216370.5018042903 1.2163706250748618e+06 1216378.1269258615 1216385.6929323198 11.32450383156538   
182 1820 0.023639450624631776 374.83403792331643 1216370.5018042903 1.2163727567885604e+06 1216378.8013467793 1216386.1373061647 7.771316933212802   
183 1830 0.023573186546108668 366.93775119010746 1216370.5018042903 1.2163716959355210e+06 1216379.6893907045 1216391.4393350123 6.032488283002749   
184 1840 0.02191938195163161 371.2160758428185 1216369.4081317428 1.2163694081317428e+06 1216375.5977994008 1216379.0746791898 3.5973236886784434   
185 1850 0.019503897336215232 366.4604399210969 1216369.4081317428 1.2163705789357238e+06 1216376.649696046 1216380.0881004168 2.8085731328465044   
186 1860 0.018757149175942452 353.1170302616985 1216367.4830332778 1.2163674830332778e+06 1216371.9082009562 1216376.6251221288 3.8096714075654745   
187 1870 0.017913062350200272 370.28280280735663 1216367.4830332778 1.2163687052521387e+06 1216370.3682013955 1216373.6041655426 2.068132397485897   
188 1880 0.02018841426039956 358.88972084193534 1216367.4830332778 1.2163679294088916e+06 1216371.3738656733 1216374.073427788 2.125054207164794   
189 1890 0.02111920168520867 361.8617027107502 1216367.4830332778 1.2163702132523875e+06 1216373.3389696027 1216385.7870787669 7.686683282256126   
190 1900 0.018674047794258193 357.30128645921843 1216367.4830332778 1.2163699947329671e+06 1216372.6519101611 1216387.2827650993 3.076318670762703   
191 1910 0.01732757587212509 358.7483667853462 1216367.4830332778 1.2163680242808626e+06 1216369.170470662 1216373.3653519829 3.938537096371874   
192 1920 0.016059380067839232 377.281490199343 1216367.4830332778 1.2163681462244070e+06 1216370.4385105765 1216373.3585513588 3.0891751227900386   
193 1930 0.01431259175555466 379.8275242849175 1216367.2963613216 1.2163672963613216e+06 1216370.99097385 1216376.6284690464 5.585942697245628   
194 1940 0.012405830811855282 396.8158427398516 1216366.428154951 1.2163664281549510e+06 1216369.4720570922 1216370.636599371 1.6126010636799037   
195 1950 0.011772240478027664 398.4652812613073 1216366.1953410034 1.2163661953410034e+06 1216367.294326989 1216368.6719758187 1.4018849052954465   
196 1960 0.011487590051832933 428.7737449481536 1216366.1953410034 1.2163664438792097e+06 1216367.2970098318 1216367.5389000878 0.7972118323668838   
197 1970 0.01156129342313601 452.62243811089485 1216365.6842837806 1.2163656842837806e+06 1216367.1969028092 1216369.597492036 1.6357730473391712   
198 1980 0.011061862289509157 435.5056795352018 1216365.4685930174 1.2163654685930174e+06 1216366.7826948783 1216368.532993773 1.0617277207784355   
199 1990 0.010888741694329731 425.5415231285674 1216364.612349165 1.2163646123491649e+06 1216366.203691128 1216368.8393565007 0.9108565808273852   
200 2000 0.010519275335086063 412.7021162971837 1216364.535967636 1.2163645359676359e+06 1216365.9312980296 1216368.3618513814 2.1270899144001305   
201 2010 0.013338820189370108 402.6015503330071 1216363.3580243099 1.2163633580243099e+06 1216365.0604953447 1216366.2142785 1.3718296156730503   
202 2020 0.016495372100382547 401.6669660013085 1216362.9217092765 1.2163629217092765e+06 1216364.377873911 1216367.016128583 1.1217253042850643   
203 2030 0.018829229014498725 376.92322529559766 1216362.5654564148 1.2163625654564148e+06 1216364.100795604 1216367.6494515114 0.833236614940688   
204 2040 0.01906458257624236 384.49880160521195 1216362.5654564148 1.2163628390659469e+06 1216364.7478489175 1216366.5425999984 1.7879515727981925   
205 2050 0.019052657181638226 395.5448615674251 1216362.5654564148 1.2163631684819313e+06 1216364.5659024748 1216366.2578175836 2.077973802573979   
206 2060 0.02008166453953416 407.5976612915396 1216360.592518235 1.2163605925182351e+06 1216366.174817252 1216367.6556500904 3.2954949820414186   
207 2070 0.022380195329893132 415.1247499853076 1216360.592518235 1.2163614394379458e+06 1216362.5414537773 1216367.182611453 3.7252433395478874   
208 2080 0.024432871373103675 423.48646799392236 1216359.491012718 1.2163594910127181e+06 1216363.8543588845 1216366.4138176513 2.519258941989392   
209 2090 0.024454747258293337 419.95062132322244 1216358.5250666966 1.2163585250666966e+06 1216363.7891026349 1216372.4837384056 3.0004116625059396   
210 2100 0.02326548220194288 421.4083061540381 1216358.5250666966 1.2163594202869805e+06 1216364.33471068 1216365.4907239396 3.2152700209990144   
211 2110 0.02461498145722734 427.84586182311824 1216358.5250666966 1.2163587436612211e+06 1216361.2692749614 1216366.7426446218 3.971161551773548   
212 2120 0.02467723348367249 464.0840290767257 1216358.5250666966 1.2163591005371825e+06 1216363.216686383 1216367.2134605113 5.133243569172919   
213 2130 0.02319707510360969 473.5569086574562 1216358.5250666966 1.2163587176865013e+06 1216362.7076404563 1216365.0757481395 4.135674892459065   
214 2140 0.02196693631287168 475.47051653502075 1216357.1493158354 1.2163571493158354e+06 1216361.3939871108 1216365.3704347666 2.117763933725655   
215 2150 0.02180226730234001 477.9023596450893 1216355.829246905 1.2163558292469049e+06 1216359.2382174188 1216364.5564513518 4.181825006380677   
216 2160 0.022358402964500305 483.42626919706 1216355.829246905 1.2163567301783874e+06 1216358.6313222186 1216364.0236665518 4.555688810069114   
217 2170 0.021860679740124535 475.5060108449554 1216353.8304947491 1.2163538304947491e+06 1216358.5127396137 1216362.9190440506 3.2838310946244746   
218 2180 0.022668712763869833 469.16842645707703 1216353.8304947491 1.2163548801635688e+06 1216357.3504271226 1216358.9776607435 2.321876773610711   
219 2190 0.02170471132362256 461.55766061966887 1216352.3932562652 1.2163523932562652e+06 1216357.4887173632 1216360.3580957602 2.5779375166166574   
220 2200 0.022875429699556103 458.2837289239172 1216351.0580040454 1.2163510580040454e+06 1216356.1221861285 1216358.7496676946 1.573643259005621   
221 2210 0.023764799904278426 473.91288617666766 1216351.0580040454 1.2163515198809896e+06 1216353.831898354 1216365.3251898638 6.281762199243531   
222 2220 0.02725805805025972 501.78464115435344 1216349.808138157 1.2163498081381570e+06 1216353.5180884209 1216359.1029135596 2.11438368097879   
223 2230 0.031087701352910696 564.3270015930614 1216349.274258695 1.2163492742586951e+06 1216353.4712944306 1216361.0207936482 2.8887239464093   
224 2240 0.03447653390110379 591.6686662226188 1216348.2048038275 1.2163482048038275e+06 1216350.6464302016 1216355.7828422824 1.7251713823061436   
225 2250 0.036208458583056796 614.3915045307757 1216346.0693026832 1.2163460693026832e+06 1216353.205411721 1216358.0627353773 4.074806360993534   
226 2260 0.035257001999420425 656.6049553333689 1216345.408538598 1.2163454085385981e+06 1216350.167567302 1216363.2151116803 3.98013156442903   
227 2270 0.03691076011364126 650.2724374841137 1216342.340608936 1.2163423406089360e+06 1216350.497145587 1216361.490399317 4.637537180213258   
228 2280 0.04246983237646119 663.9631709538971 1216339.9514546397 1.2163399514546397e+06 1216346.480424355 1216354.4129072789 9.572695465292782   
229 2290 0.049552608777379284 750.6063880978207 1216331.2890430538 1.2163312890430538e+06 1216345.1010548722 1216356.3864813077 9.525465746875852   
230 2300 0.05019746031048287 789.5896596502985 1216331.2890430538 1.2163346846773883e+06 1216344.2387363703 1216359.9787661005 8.814786970149726   
231 2310 0.04918928873263602 763.1895647525383 1216331.2890430538 1.2163351844055939e+06 1216344.3401088153 1216352.3775915587 8.760759602067992   
232 2320 0.05099613188959687 759.2105570834854 1216331.2890430538 1.2163400234098614e+06 1216345.1984144624 1216357.9918924074 4.818883215310052   
233 2330 0.047928984521191376 763.4099791173477 1216331.2890430538 1.2163332319582768e+06 1216344.648185751 1216371.6328181848 10.166227265028283   
234 2340 0.04733528979235011 778.6372682316603 1216331.2890430538 1.2163326202314270e+06 1216340.8746526295 1216354.377711466 10.148378822486848   
235 2350 0.049730599627234945 780.6238138230816 1216330.9634986618 1.2163309634986618e+06 1216335.7306013082 1216350.8072181467 4.721355790039524   
236 2360 0.052065457858473496 824.0186572945676 1216329.2170778853 1.2163292170778853e+06 1216341.0326381808 1216348.812968914 7.953906129812822   
237 2370 0.05456717423608759 825.6350169663373 1216329.2170778853 1.2163326164750517e+06 1216341.2178441684 1216367.4904423773 16.726538787595928   
238 2380 0.053588831820274324 827.2317041885719 1216326.2940579536 1.2163262940579536e+06 1216340.3555783783 1216354.5569396382 21.92957834736444   
239 2390 0.05493008687394642 842.7875658997631 1216323.9887213684 1.2163239887213684e+06 1216331.8083850662 1216336.85546664 7.2898920143488795   
240 2400 0.060237008830950886 896.322683047159 1216321.2033979835 1.2163212033979835e+06 1216329.5341553646 1216342.9765519889 4.258432104252279   
241 2410 0.06414579000100391 938.2543589946318 1216311.1063963468 1.2163111063963468e+06 1216332.6599302534 1216343.3143519154 15.684673632495105   
242 2420 0.06866374456757808 1050.8158186239716 1216308.9468554687 1.2163089468554687e+06 1216325.0722690267 1216337.3527826194 14.899351836880669   
243 2430 0.07462404872888417 1078.067358880985 1216303.3368414564 1.2163033368414564e+06 1216321.4550601903 1216343.1549412245 16.03792967949994   
244 2440 0.07502084589946492 1151.419326737733 1216303.3368414564 1.2163111132153007e+06 1216324.7089753014 1216340.9415163104 17.21891321334988   
245 2450 0.0767098698840668 1204.4476766136017 1216302.8836917884 1.2163028836917884e+06 1216317.5040734175 1216329.2317396954 14.025453997310251   
246 2460 0.07705418390838852 1281.5394427749677 1216302.8836917884 1.2163055803009574e+06 1216322.8565233534 1216344.2414475107 13.722387010697275   
247 2470 0.07029320618338933 1266.337474180017 1216300.196928404 1.2163001969284040e+06 1216314.938136953 1216340.5743745584 31.579449774697423   
248 2480 0.0637263403619177 1279.7980900549273 1216297.5378786796 1.2162975378786796e+06 1216308.1433708551 1216330.5308538778 10.749290564097464   
249 2490 0.060983250032868704 1356.0139856994945 1216297.5378786796 1.2162987318005203e+06 1216308.8063964453 1216313.519522267 10.564927527448162   
250 2500 0.057721254465190934 1305.5866325891952 1216297.5378786796 1.2163006179748275e+06 1216306.1200639782 1216315.1049702514 5.323292549233884   
251 2510 0.0492619308060218 1306.9591038708518 1216295.080969343 1.2162950809693430e+06 1216302.942338135 1216306.4567623248 5.560360678937286   
252 2520 0.04761039161257479 1287.585689347701 1216295.080969343 1.2162967080941990e+06 1216301.208293228 1216313.4716209143 5.937623488716781   
253 2530 0.04233553597062682 1282.36529451806 1216295.080969343 1.2162954895566134e+06 1216303.3618918872 1216310.658815403 3.8598034165333956   
254 2540 0.03957691541348499 1288.0408041918529 1216294.5568957422 1.2162945568957422e+06 1216299.2011398752 1216304.4708293811 4.218420773046091   
255 2550 0.035525683240510315 1250.3271971593715 1216293.980436129 1.2162939804361290e+06 1216297.8069473787 1216302.9581383239 3.6809083053376526   
256 2560 0.034653176917965434 1229.4434743712757 1216293.980436129 1.2162954055336942e+06 1216297.5163517452 1216298.2601263002 1.953410608228296   
257 2570 0.032807713151556527 1274.1082392854642 1216293.3630127017 1.2162933630127017e+06 1216297.4075646214 1216301.5730704945 3.7536427916493267   
258 2580 0.031002224384232592 1256.7060184888428 1216293.015817533 1.2162930158175330e+06 1216295.5912632006 1216300.9002925162 4.807870154734701   
259 2590 0.030153225553418022 1210.3855963144522 1216292.9081182445 1.2162929081182445e+06 1216294.7056768455 1216298.910453022 2.7721869852393866   
260 2600 0.02703870233758033 1187.802743047284 1216291.937164476 1.2162919371644759e+06 1216295.1030262196 1216295.8971894628 1.1056999703869224   
261 2610 0.02778817823716304 1188.3280498759975 1216291.937164476 1.2162923547970203e+06 1216294.3194497784 1216295.368520376 1.2281332130078226   
262 2620 0.025809112837061172 1072.9544609318523 1216291.937164476 1.2162922994947471e+06 1216293.7344762955 1216296.200438369 2.5838002662640065   
263 2630 0.0249940620774691 1057.2931206602077 1216291.937164476 1.2162926393263091e+06 1216293.7263102673 1216297.2612773154 0.9110351777635515   
264 2640 0.02257650000441264 1020.3746013118968 1216291.937164476 1.2162922775311044e+06 1216294.8115041228 1216296.2856375724 1.2611703618895262   
265 2650 0.020440529167622228 1000.603167713007 1216291.937164476 1.2162921216370247e+06 1216293.4508630633 1216294.663268431 0.6361992573365569   
266 2660 0.0179418697844246 1026.7410388478233 1216291.937164476 1.2162919968623337e+06 1216293.1102433112 1216295.653733057 0.826147265965119   
267 2670 0.01664310137882962 1015.1814829427933 1216291.937164476 1.2162926117340671e+06 1216293.0418838994 1216293.6161464555 0.4399545306805521   
268 2680 0.01503292405829992 988.4622275524811 1216291.937164476 1.2162920708145692e+06 1216292.9011402484 1216293.37076224 0.3299545110203326   
269 2690 0.013761647205858691 989.1307084220673 1216291.937164476 1.2162919598046939e+06 1216292.396856262 1216293.6742979966 0.8286693096160889   
270 2700 0.012677827944667873 908.6652726298126 1216291.7372662679 1.2162917372662679e+06 1216292.1627988862 1216292.992351582 0.43427221779711545   
271 2710 0.012407847058245316 875.9806877540151 1216291.7127453438 1.2162917127453438e+06 1216292.1207672723 1216292.6934796947 0.4555309077259153   
272 2720 0.011088925566978202 862.4004743625513 1216291.591064366 1.2162915910643660e+06 1216291.962118824 1216292.187776581 0.40104109910316765   
273 2730 0.01137658000016736 869.298584312722 1216291.4752980059 1.2162914752980059e+06 1216291.7878754276 1216292.068817331 0.44571770331822336   
274 2740 0.010511643702496696 820.0500058274407 1216291.4752980059 1.2162915854318335e+06 1216291.6404884434 1216291.84222435 0.10988284414634109   
275 2750 0.009200900954031357 817.2179071093408 1216291.4504520032 1.2162914504520032e+06 1216291.7452065113 1216292.0786497956 0.15150866121985018   
276 2760 0.00858678816434882 778.9119573862168 1216291.4504520032 1.2162914542971763e+06 1216291.7151373427 1216291.7667762109 0.1351467261556536   
277 2770 0.009558276296504697 745.2538320927359 1216291.403098847 1.2162914030988470e+06 1216291.5989920523 1216291.810824567 0.1136787673458457   
278 2780 0.009879288547294696 712.6891520484976 1216291.403098847 1.2162914416346187e+06 1216291.5300899004 1216291.6610600955 0.0719400467351079   
279 2790 0.00933574540445359 719.1054398178591 1216291.386977477 1.2162913869774770e+06 1216291.6202288577 1216291.7963115738 0.2623015805147588   
280 2800 0.008549366796044039 710.97552793661 1216291.3776401514 1.2162913776401514e+06 1216291.4944510555 1216291.5555216915 0.0737681386526674   
281 2810 0.008144330681061263 717.8427991553665 1216291.3735017825 1.2162913735017825e+06 1216291.4367385018 1216291.5557335762 0.06080128415487707   
282 2820 0.00795366917269817 690.023400027718 1216291.3735017825 1.2162913768223126e+06 1216291.434069768 1216291.576633613 0.06139904214069247   
283 2830 0.007703203416858718 704.3515704974285 1216291.3403070124 1.2162913403070124e+06 1216291.435189333 1216291.6231750273 0.1006518229842186   
284 2840 0.007442242623092509 727.7865086066225 1216291.3403070124 1.2162913652402924e+06 1216291.382878856 1216291.4386407752 0.008971959818154573   
285 2850 0.006924733027914532 733.4421622055833 1216291.3403070124 1.2162913714754009e+06 1216291.4228634299 1216291.5237991493 0.051664832048118114   
286 2860 0.0067410454639170655 738.2108339833792 1216291.3403070124 1.2162913681394304e+06 1216291.4380891086 1216291.5411337102 0.04463155381381512   
287 2870 0.006637854513130978 701.8653879754734 1216291.3403070124 1.2162913477217422e+06 1216291.4074486776 1216291.5592699887 0.05260497075505555   
288 2880 0.006518584142195912 703.8382588166187 1216291.3403070124 1.2162913411862040e+06 1216291.399178411 1216291.4298199052 0.032461899565532804   
289 2890 0.006228951463428232 714.3412023125319 1216291.2789031954 1.2162912789031954e+06 1216291.3825704358 1216291.4484106142 0.06887609791010618   
290 2900 0.005933883594800102 700.9280873506447 1216291.2789031954 1.2162913126533250e+06 1216291.3775922698 1216291.453188873 0.07585760438814759   
291 2910 0.005531447957881699 708.3466360314993 1216291.2722869122 1.2162912722869122e+06 1216291.34473965 1216291.4190875802 0.03632827312685549   
292 2920 0.005654285143622947 719.3863360776603 1216291.2722869122 1.2162912953506489e+06 1216291.3274813115 1216291.3552029093 0.0328143541701138   
293 2930 0.0053922715505779015 713.0866406438473 1216291.2721470534 1.2162912721470534e+06 1216291.3174789015 1216291.367086373 0.046723706647753716   
294 2940 0.005305670996775392 687.3568895187445 1216291.2619412262 1.2162912619412262e+06 1216291.3059173163 1216291.3512141698 0.02935419324785471   
295 2950 0.005309787206273124 717.8142897721879 1216291.2619412262 1.2162912674935849e+06 1216291.3034246224 1216291.3267609 0.023277378408238292   
296 2960 0.00587653575161943 695.5002480995222 1216291.2099549659 1.2162912099549659e+06 1216291.3156747185 1216291.3711143984 0.06034146039746702   
297 2970 0.006032847186308506 728.0363810942962 1216291.2099549659 1.2162912310690081e+06 1216291.2755217487 1216291.3068772645 0.018988213734701276   
298 2980 0.005674109639615687 707.4571640612071 1216291.2099549659 1.2162912227591712e+06 1216291.2543362079 1216291.285053889 0.029385103145614266   
299 2990 0.005784744995144528 711.7940928339256 1216291.1886631784 1.2162911886631784e+06 1216291.2339983692 1216291.2923909237 0.023494688095524907   
300 3000 0.00608065181796572 750.0615807368921 1216291.1666731758 1.2162911666731758e+06 1216291.2167599744 1216291.2868226736 0.032978774746879935   
301 3010 0.006687275032332902 765.6654363844413 1216291.148180833 1.2162911481808331e+06 1216291.1837378133 1216291.293727811 0.11204196070320904   
302 3020 0.007264097533895201 719.1569451689203 1216291.1327464306 1.2162911327464306e+06 1216291.1962985382 1216291.2647862546 0.09046317846514285   
303 3030 0.007689866721698392 721.2644909151271 1216291.1327464306 1.2162911530950915e+06 1216291.1876276846 1216291.2710061914 0.05051063233986497   
304 3040 0.00802437123393701 719.2205947417657 1216291.1299703412 1.2162911299703412e+06 1216291.1831760977 1216291.2392352729 0.013963074889034033   
305 3050 0.00872537393770416 758.9815129051972 1216291.097273082 1.2162910972730820e+06 1216291.161273986 1216291.184441717 0.036438936833292246   
306 3060 0.009216687825507823 798.3691258359669 1216291.0810044068 1.2162910810044068e+06 1216291.1503953235 1216291.2370765759 0.0561285181902349   
307 3070 0.008423650824191962 824.9148318478448 1216291.0810044068 1.2162911028165680e+06 1216291.162658586 1216291.2395323266 0.09338652272708714   
308 3080 0.007826439726529843 831.8883703089311 1216291.028803196 1.2162910288031960e+06 1216291.1504937215 1216291.1904903618 0.09575885231606662   
309 3090 0.00759981653686045 882.1902855534369 1216291.0283475246 1.2162910283475246e+06 1216291.0839788555 1216291.1455402677 0.08278383454307914   
310 3100 0.00757694758834324 902.8067381327786 1216291.0193965847 1.2162910193965847e+06 1216291.0658104734 1216291.1190259696 0.07052390463650227   
311 3110 0.008525795624545258 898.7046152813793 1216290.9972985997 1.2162909972985997e+06 1216291.0201360593 1216291.090699461 0.03748790151439607   
312 3120 0.009173978847172618 986.6308698224512 1216290.974670998 1.2162909746709981e+06 1216291.03640109 1216291.163710958 0.09845157875679433   
313 3130 0.009712966830733505 1064.9476327458162 1216290.9326834255 1.2162909326834255e+06 1216290.9942907465 1216291.0998819796 0.0837041325867176   
314 3140 0.011473784334984048 1082.9868838864081 1216290.789581023 1.2162907895810229e+06 1216290.9488232997 1216291.2336557389 0.12180542410351336   
315 3150 0.013654267427555688 1116.9748354280557 1216290.7433552986 1.2162907433552986e+06 1216290.908846408 1216291.1166575428 0.17644507670775056   
316 3160 0.015817068771176786 1164.7834363438956 1216290.7130635446 1.2162907130635446e+06 1216290.8325590761 1216291.1035592621 0.1345071359537542   
317 3170 0.017216464300249455 1187.0339834682272 1216290.6673064185 1.2162906673064185e+06 1216290.783997675 1216291.1687086837 0.14817375596612692   
318 3180 0.019072032577321776 1177.0370190398476 1216290.5628253585 1.2162905628253585e+06 1216290.7876485663 1216290.9677900048 0.15680667385458946   
319 3190 0.02134939799610693 1205.611776063578 1216290.47088231 1.2162904708823101e+06 1216290.7175330967 1216291.0670386127 0.20582073042169213   
320 3200 0.02310871831586523 1173.5655126411493 1216290.458914815 1.2162904589148150e+06 1216290.7461919184 1216291.2345800423 0.33598631736822426   
321 3210 0.025208828699640175 1164.2487022047253 1216290.4099946273 1.2162904099946273e+06 1216290.8281947603 1216292.065087299 0.43980102543719113   
322 3220 0.02814612507245709 1145.2708220596141 1216290.39343997 1.2162903934399700e+06 1216290.7567807185 1216291.3011334345 0.41461191046983004   
323 3230 0.026154425416044152 1153.2445165233241 1216290.39343997 1.2162904084728160e+06 1216290.738413969 1216291.4482286486 0.2251270862761885   
324 3240 0.02725346765857587 1161.370704920908 1216290.39343997 1.2162904017458637e+06 1216290.716609669 1216291.1173989912 0.16594549780711532   
325 3250 0.025690237451080997 1222.1205259006824 1216290.365094488 1.2162903650944880e+06 1216290.762378089 1216291.495866514 0.2717679273337126   
326 3260 0.02343475379879362 1166.120547196458 1216290.365094488 1.2162904755641595e+06 1216290.8574715687 1216291.376110078 0.47003716602921486   
327 3270 0.02155218594680719 1199.665261583004 1216290.3124678805 1.2162903124678805e+06 1216290.7357271013 1216291.0373489999 0.3753399853594601   
328 3280 0.01830182403592364 1170.734132440107 1216290.3124678805 1.2162903159257835e+06 1216290.56310192 1216290.96041945 0.22503673750907183   
329 3290 0.016979969715190637 1143.8943280185758 1216290.3124678805 1.2162903238197817e+06 1216290.499896829 1216290.778683946 0.13664622837677598   
330 3300 0.016810209718653456 1100.526534540612 1216290.2826487508 1.2162902826487508e+06 1216290.4311796813 1216290.6133277281 0.22751109884120524   
331 3310 0.015970211518178925 1068.5214624379662 1216290.2826487508 1.2162902931385087e+06 1216290.406421108 1216290.5372936241 0.06901922100223601   
332 3320 0.014409466410706694 1037.9790570597734 1216290.2826487508 1.2162902938507050e+06 1216290.4214648975 1216290.5588973886 0.06523467204533517   
333 3330 0.012496819571160875 1025.3274642392375 1216290.2555023474 1.2162902555023474e+06 1216290.3244457322 1216290.6328415722 0.08380440319888294   
334 3340 0.011071875075730873 997.5050966259429 1216290.2518976089 1.2162902518976089e+06 1216290.3193641237 1216290.4513742158 0.06701643927954137   
335 3350 0.01034251133471418 1007.260450822709 1216290.2495697828 1.2162902495697828e+06 1216290.3130848133 1216290.4286762865 0.09298362326808274   
336 3360 0.010867989964371905 1010.0480275382088 1216290.249244627 1.2162902492446271e+06 1216290.2887826404 1216290.4553668585 0.05343498941510916   
337 3370 0.010120287551846935 991.0635538147924 1216290.239250293 1.2162902392502930e+06 1216290.285714948 1216290.3608681068 0.03724337485618889   
338 3380 0.009766472521556643 1021.4846465285738 1216290.239250293 1.2162902570060925e+06 1216290.301530168 1216290.3709820083 0.07800969039089978   
339 3390 0.009613741111059214 1048.907952341767 1216290.2279469613 1.2162902279469613e+06 1216290.2604227276 1216290.3221810607 0.026919998694211245   
340 3400 0.008995041590888247 1062.0255998683904 1216290.2279469613 1.2162902341230987e+06 1216290.2539848369 1216290.311929253 0.02863260661251843   
341 3410 0.008916297418787212 1079.67258168867 1216290.2279469613 1.2162902316656227e+06 1216290.2526143116 1216290.3024949636 0.04302219278179109   
342 3420 0.007821444016116176 1070.5326494407238 1216290.217351134 1.2162902173511339e+06 1216290.2602006884 1216290.3272479274 0.05721581750549376   
343 3430 0.007314547531289858 1069.2475903723116 1216290.217351134 1.2162902209767804e+06 1216290.2332216671 1216290.269622148 0.0205999668687582   
344 3440 0.006719433787423741 1114.4057672769252 1216290.2149099784 1.2162902149099784e+06 1216290.2397000375 1216290.28799955 0.01790411677211523   
345 3450 0.006289157947795769 1065.5708697994412 1216290.2149099784 1.2162902233278609e+06 1216290.2365616886 1216290.2614917115 0.013323713559657335   
346 3460 0.005722569847420724 1059.8368712939196 1216290.2149099784 1.2162902163745295e+06 1216290.2379145215 1216290.2738596252 0.022386180935427547   
347 3470 0.005540937530910748 1118.4683386145487 1216290.214645604 1.2162902146456039e+06 1216290.2239590823 1216290.2380418957 0.014858061447739601   
348 3480 0.0050075284447960965 1076.9223384523993 1216290.2143975005 1.2162902143975005e+06 1216290.2226268759 1216290.2469722268 0.007924228673800826   
349 3490 0.004540494218451612 1077.9491942797094 1216290.2126280565 1.2162902126280565e+06 1216290.219346006 1216290.225296284 0.0028636932838708162   
350 3500 0.004217616897475211 1126.5909209746746 1216290.2068711903 1.2162902068711903e+06 1216290.2173924893 1216290.226472164 0.006084941327571869   
351 3510 0.003954757977960732 1100.712963039013 1216290.2068711903 1.2162902075468018e+06 1216290.2142972832 1216290.2206467371 0.006946514127776027   
352 3520 0.003735795281535608 1070.0532981348279 1216290.2068711903 1.2162902074720769e+06 1216290.2116575255 1216290.2151537673 0.003065636847168207   
353 3530 0.003501849265146912 1044.1430743039393 1216290.2068711903 1.2162902070530981e+06 1216290.2124504622 1216290.2142928296 0.00342712365090847   
354 3540 0.003304695822409803 1048.3963918774532 1216290.2068711903 1.2162902070069474e+06 1216290.2091968358 1216290.21407933 0.004106120206415653   
355 3550 0.0031066929707781665 1022.8049277525279 1216290.2064536198 1.2162902064536198e+06 1216290.2101120006 1216290.212299319 0.00332875968888402   
356 3560 0.002847277045852412 1020.9916960515094 1216290.2059796813 1.2162902059796813e+06 1216290.208842881 1216290.2099930327 0.0015364212449640036   
357 3570 0.0025853291647157943 1026.5573409787787 1216290.2059796813 1.2162902062251822e+06 1216290.2079282352 1216290.2100678561 0.0020253697875887156   
358 3580 0.002299771366598193 1005.2681438660795 1216290.2059796813 1.2162902063431626e+06 1216290.2074324442 1216290.2106933799 0.0012068834621459246   
359 3590 0.00186113715251276 1005.5912110344585 1216290.2054332956 1.2162902054332956e+06 1216290.2066453642 1216290.2079247388 0.0012611383572220802   
360 3600 0.0016264846961823987 1011.9160574435093 1216290.2052521778 1.2162902052521778e+06 1216290.2062360134 1216290.206998447 0.00039725517854094505   
361 3610 0.0015128557522750994 1040.2746860754128 1216290.2052521778 1.2162902053794095e+06 1216290.2064867388 1216290.2075344177 0.00102937500923872   
362 3620 0.0013581011512742939 1013.0356895556947 1216290.2052521778 1.2162902053381512e+06 1216290.2057775308 1216290.2069162647 0.0007223854772746563   
363 3630 0.0012270628641765024 997.8884812793059 1216290.2051870935 1.2162902051870935e+06 1216290.2055809349 1216290.2063537096 0.00021627009846270084   
364 3640 0.0011607598207983617 1017.6590756336906 1216290.2051870935 1.2162902052169617e+06 1216290.205351844 1216290.2056135284 0.0002556245308369398   
365 3650 0.0010224065587959856 1021.3047840337479 1216290.205159526 1.2162902051595261e+06 1216290.205417858 1216290.206020625 0.0001273567322641611   
366 3660 0.0008978158802913217 993.8702022848317 1216290.2050838291 1.2162902050838291e+06 1216290.2052835939 1216290.2062274928 0.00027032033540308475   
367 3670 0.0008053937039496816 1012.173080637359 1216290.2050838291 1.2162902050966471e+06 1216290.2052715241 1216290.205374152 0.00013043032959103584   
368 3680 0.000717307748554147 1007.7985268461534 1216290.205074818 1.2162902050748181e+06 1216290.2051989324 1216290.205403716 0.00012525776401162148   
369 3690 0.0006541011704987871 1050.9056018254837 1216290.2050446882 1.2162902050446882e+06 1216290.2051458284 1216290.205498901 0.00019955472089350224   
370 3700 0.0006112497336282673 1026.8324146546706 1216290.2050010904 1.2162902050010904e+06 1216290.2051236168 1216290.2052145132 7.568602450191975e-05   
371 3710 0.0005149396424589851 998.4418539082359 1216290.2050010904 1.2162902050291256e+06 1216290.2050875663 1216290.2051831074 6.247265264391899e-05   
372 3720 0.00045158678486441366 1007.8317479998441 1216290.2050010904 1.2162902050110858e+06 1216290.2050784603 1216290.2051915624 4.0554674342274666e-05   
373 3730 0.0004088741366685759 1040.1856121438634 1216290.2050010904 1.2162902050154358e+06 1216290.2050383142 1216290.2051262558 1.8370337784290314e-05   
374 3740 0.0003936896040679618 983.1312868754615 1216290.2050010904 1.2162902050022611e+06 1216290.2050366616 1216290.2050657244 3.354577347636223e-05   
375 3750 0.0003651521332660888 990.4918592903475 1216290.2050010904 1.2162902050034858e+06 1216290.2050271207 1216290.2050708965 9.831739589571953e-06   
376 3760 0.0003327399247720045 1036.4835336547378 1216290.2050010904 1.2162902050054639e+06 1216290.2050316797 1216290.2050849576 2.5182729586958885e-05   
377 3770 0.0003199733914811298 1038.1200638800074 1216290.2050010904 1.2162902050032204e+06 1216290.2050201152 1216290.2050367538 2.0415987819433212e-05   
378 3780 0.0003267653055238856 1032.9854868298323 1216290.2050010904 1.2162902050074439e+06 1216290.2050170775 1216290.2050554617 1.43412034958601e-05   
379 3790 0.0002975918314118591 1027.364884995512 1216290.205000008 1.2162902050000080e+06 1216290.2050129399 1216290.2050371037 1.0859686881303787e-05   
380 3800 0.00029851421303578166 1042.88561167724 1216290.205000008 1.2162902050025687e+06 1216290.2050187076 1216290.2050363023 1.7273705452680588e-05   
381 3810 0.00028148942744446074 1052.1845755290396 1216290.2049998508 1.2162902049998508e+06 1216290.2050159585 1216290.2050362085 1.206202432513237e-05   
382 3820 0.00028162550566708235 1046.5830888523344 1216290.2049998508 1.2162902050008085e+06 1216290.2050092132 1216290.2050241497 1.3585435226559639e-05   
383 3830 0.0002740212866501737 1048.7576616848958 1216290.204994874 1.2162902049948741e+06 1216290.2050029184 1216290.2050196503 1.3105105608701706e-05   
384 3840 0.0002665622019279918 1025.7082280476402 1216290.204994874 1.2162902049955635e+06 1216290.2050030567 1216290.205010402 3.5851262509822845e-06   
385 3850 0.0002586595601364762 1078.0584895882025 1216290.204994874 1.2162902049974224e+06 1216290.2050051447 1216290.2050194638 6.050337105989456e-06   
386 3860 0.00022600734252273917 1088.7501828630996 1216290.2049919304 1.2162902049919304e+06 1216290.2050051945 1216290.205026143 1.4471588656306267e-05   
387 3870 0.00020441920809509553 1059.4282394797765 1216290.2049919304 1.2162902049933868e+06 1216290.2049984967 1216290.2050143685 7.2373077273368835e-06   
388 3880 0.00018996179230822228 1054.1956015580558 1216290.2049904836 1.2162902049904836e+06 1216290.2049940624 1216290.205004786 8.444767445325851e-06   
389 3890 0.00016956093058399153 1052.3476752985102 1216290.2049904836 1.2162902049905416e+06 1216290.204997961 1216290.2050038436 6.088521331548691e-06   
390 3900 0.00014738751088706813 1035.6754874081091 1216290.204990288 1.2162902049902880e+06 1216290.2049943735 1216290.204999121 5.9122685343027115e-06   
391 3910 0.00013995744920635152 1032.3758151384034 1216290.204990288 1.2162902049905008e+06 1216290.2049926654 1216290.2049958284 2.1685846149921417e-06   
392 3920 0.00012447108225559632 1017.6137145227257 1216290.204990288 1.2162902049903008e+06 1216290.2049917022 1216290.2049928925 1.5015248209238052e-06   
393 3930 0.00010953394945885908 1004.2920798399172 1216290.2049891818 1.2162902049891818e+06 1216290.2049910596 1216290.2049960177 1.266365870833397e-06   
394 3940 9.825638886059873e-05 1015.6460602616453 1216290.2049891818 1.2162902049898054e+06 1216290.2049911548 1216290.2049935781 2.511311322450638e-06   
395 3950 8.849868730016062e-05 1045.8506748761645 1216290.2049890105 1.2162902049890105e+06 1216290.2049902051 1216290.204993776 7.636845111846924e-07   
396 3960 8.41992239790716e-05 1122.615812358 1216290.2049890105 1.2162902049895842e+06 1216290.204990222 1216290.2049914089 6.153713911771774e-07   
397 3970 7.644359514023579e-05 1156.2777542832998 1216290.2049890105 1.2162902049890545e+06 1216290.2049902088 1216290.2049903753 8.204951882362366e-07   
398 3980 6.50255103360755e-05 1153.7573991239994 1216290.2049890105 1.2162902049891418e+06 1216290.2049896228 1216290.2049900952 4.6798959374427795e-07   
399 3990 5.822136141914848e-05 1134.1798991165183 1216290.2049888747 1.2162902049888747e+06 1216290.2049894915 1216290.2049900936 8.4657222032547e-07   
400 4000 5.7176581704382535e-05 1153.0297061309375 1216290.2049885364 1.2162902049885364e+06 1216290.204989193 1216290.2049898738 7.024500519037247e-07   
401 4010 5.570458413492521e-05 1160.6768210618495 1216290.2049885364 1.2162902049886782e+06 1216290.204988938 1216290.2049892542 3.003515303134918e-07   
402 4020 5.5384632057630284e-05 1217.9405923381682 1216290.2049885364 1.2162902049885821e+06 1216290.2049889003 1216290.204989534 2.3958273231983185e-07   
403 4030 5.3270788093941936e-05 1245.2977732513916 1216290.2049885364 1.2162902049885578e+06 1216290.204988844 1216290.2049895367 3.9814040064811707e-07   
404 4040 4.939063745415847e-05 1205.6301143419644 1216290.2049885346 1.2162902049885346e+06 1216290.2049889185 1216290.2049892838 1.6880221664905548e-07   
405 4050 4.643720146540204e-05 1216.761457420805 1216290.2049885346 1.2162902049885374e+06 1216290.2049887618 1216290.2049890312 4.346948117017746e-07   
406 4060 4.3461833436189e-05 1166.7072106613919 1216290.2049884826 1.2162902049884826e+06 1216290.2049887385 1216290.2049889774 2.2398307919502258e-07   
407 4070 3.942046477918099e-05 1189.6566934550722 1216290.2049884826 1.2162902049885129e+06 1216290.2049886235 1216290.2049890105 2.1373853087425232e-07   
408 4080 3.567775580625074e-05 1151.4430352719662 1216290.2049884826 1.2162902049884913e+06 1216290.20498866 1216290.204988848 1.5855766832828522e-07   
409 4090 3.370847849121824e-05 1139.8561175244722 1216290.2049884826 1.2162902049885083e+06 1216290.2049885858 1216290.2049888668 1.6274861991405487e-07   
410 4100 2.9976090720463923e-05 1190.91120570948 1216290.2049884826 1.2162902049884920e+06 1216290.2049886142 1216290.20498874 8.870847523212433e-08   
411 4110 2.7112095794596594e-05 1166.7529769016537 1216290.2049884826 1.2162902049884873e+06 1216290.204988564 1216290.2049886505 9.383074939250946e-08   
412 4120 2.581843422177812e-05 1179.6909627579244 1216290.2049884475 1.2162902049884475e+06 1216290.2049885062 1216290.2049886507 1.1688098311424255e-07   
413 4130 2.4484473564369405e-05 1153.5139631061543 1216290.2049884032 1.2162902049884032e+06 1216290.2049885152 1216290.204988573 6.938353180885315e-08   
414 4140 2.469353705221144e-05 1147.1045027830571 1216290.2049884032 1.2162902049884214e+06 1216290.2049884896 1216290.2049885762 5.8673322200775146e-08   
415 4150 2.3223908853618186e-05 1227.0979298311738 1216290.2049883953 1.2162902049883953e+06 1216290.2049884258 1216290.2049885318 3.608874976634979e-08   
416 4160 2.378679568417123e-05 1223.371896538623 1216290.2049883918 1.2162902049883918e+06 1216290.2049884622 1216290.2049885376 7.264316082000732e-08   
417 4170 2.4029004735643436e-05 1248.7860944369083 1216290.2049883918 1.2162902049884012e+06 1216290.2049884596 1216290.204988512 7.613562047481537e-08   
418 4180 2.3358708330731694e-05 1192.7004712334717 1216290.204988388 1.2162902049883881e+06 1216290.204988415 1216290.2049884982 7.962808012962341e-08   
419 4190 2.3516694331284728e-05 1212.6873261643107 1216290.2049883618 1.2162902049883618e+06 1216290.2049884256 1216290.2049884303 4.1443854570388794e-08   
420 4200 2.3842825639742423e-05 1247.6011414681627 1216290.2049883618 1.2162902049883769e+06 1216290.2049883972 1216290.2049884624 2.8870999813079834e-08   
421 4210 2.362651810646799e-05 1233.781066447147 1216290.2049883613 1.2162902049883613e+06 1216290.2049884081 1216290.2049885357 5.75091689825058e-08   
422 4220 2.2659305875818138e-05 1297.6622002891183 1216290.2049883613 1.2162902049883697e+06 1216290.2049884119 1216290.2049884587 4.516914486885071e-08   
423 4230 2.022463877339132e-05 1310.5579979304161 1216290.204988346 1.2162902049883460e+06 1216290.204988377 1216290.20498845 3.9814040064811707e-08   
424 4240 2.0539849073659303e-05 1294.1380232789081 1216290.204988346 1.2162902049883546e+06 1216290.20498836 1216290.204988384 1.3969838619232178e-08   
425 4250 2.047065035038488e-05 1318.9799972168944 1216290.204988346 1.2162902049883506e+06 1216290.204988382 1216290.2049884028 4.1443854570388794e-08   
426 4260 1.937429813304481e-05 1267.9568107858586 1216290.204988346 1.2162902049883546e+06 1216290.2049883718 1216290.2049883856 1.3504177331924438e-08   
427 4270 1.8373292536418014e-05 1299.6413871167658 1216290.2049883439 1.2162902049883439e+06 1216290.204988383 1216290.204988406 2.3283064365386963e-08   
428 4280 1.7978665662456535e-05 1280.7536580788592 1216290.2049883439 1.2162902049883478e+06 1216290.204988362 1216290.2049883818 2.0954757928848267e-08   
429 4290 1.714176493701618e-05 1313.1182237626624 1216290.2049883439 1.2162902049883504e+06 1216290.2049883623 1216290.204988381 2.514570951461792e-08   
430 4300 1.555701218612982e-05 1238.0333283874854 1216290.2049883439 1.2162902049883483e+06 1216290.2049883604 1216290.2049883713 1.30385160446167e-08   
431 4310 1.3571542713588157e-05 1215.1110957332064 1216290.2049883439 1.2162902049883476e+06 1216290.2049883595 1216290.204988374 7.450580596923828e-09   
432 4320 1.1704967417421779e-05 1272.6923541982444 1216290.2049883422 1.2162902049883422e+06 1216290.2049883457 1216290.2049883564 1.0011717677116394e-08   
433 4330 1.0598639982743703e-05 1261.6092771664278 1216290.2049883408 1.2162902049883408e+06 1216290.204988348 1216290.2049883564 6.984919309616089e-09   
434 4340 1.0007028818020116e-05 1239.2486506539099 1216290.2049883401 1.2162902049883401e+06 1216290.2049883457 1216290.2049883534 4.190951585769653e-09   
435 4350 8.482907148560069e-06 1163.46078877879 1216290.204988339 1.2162902049883390e+06 1216290.204988345 1216290.2049883557 7.683411240577698e-09   
436 4360 7.594201259547042e-06 1158.9163935811362 1216290.204988339 1.2162902049883395e+06 1216290.2049883418 1216290.2049883509 3.026798367500305e-09   
437 4370 7.10769832009579e-06 1130.5892532697417 1216290.204988339 1.2162902049883399e+06 1216290.2049883404 1216290.2049883422 4.656612873077393e-10   
438 4380 6.607115861325006e-06 1142.0739707163543 1216290.2049883383 1.2162902049883383e+06 1216290.2049883415 1216290.2049883436 2.0954757928848267e-09   
439 4390 5.6626338583468714e-06 1170.6099274513774 1216290.2049883383 1.2162902049883390e+06 1216290.2049883413 1216290.204988344 3.259629011154175e-09   
440 4400 5.373838855871478e-06 1134.943392960196 1216290.204988338 1.2162902049883381e+06 1216290.2049883392 1216290.204988341 1.1641532182693481e-09   
441 4410 4.996901123118915e-06 1155.0764089640018 1216290.2049883376 1.2162902049883376e+06 1216290.204988339 1216290.2049883408 1.6298145055770874e-09   
442 4420 4.547535020276921e-06 1162.9329869362766 1216290.2049883376 1.2162902049883376e+06 1216290.2049883392 1216290.20498834 1.1641532182693481e-09   
443 4430 4.130076453915335e-06 1198.0304565806055 1216290.2049883374 1.2162902049883374e+06 1216290.2049883383 1216290.2049883395 1.1641532182693481e-09   
444 4440 3.8754345789295255e-06 1241.6830621368945 1216290.2049883374 1.2162902049883376e+06 1216290.2049883378 1216290.2049883385 2.3283064365386963e-10   
445 4450 3.542259203245196e-06 1238.5692133579494 1216290.2049883374 1.2162902049883374e+06 1216290.204988338 1216290.2049883385 6.984919309616089e-10   
446 4460 3.2618029592160943e-06 1238.643276824848 1216290.2049883374 1.2162902049883374e+06 1216290.2049883376 1216290.2049883378 4.656612873077393e-10   
447 4470 2.9616148950398212e-06 1232.759759182316 1216290.2049883371 1.2162902049883371e+06 1216290.2049883376 1216290.2049883383 0.0   
448 4480 2.897912988749521e-06 1245.634274596236 1216290.2049883371 1.2162902049883374e+06 1216290.2049883374 1216290.2049883376 0.0   
449 4490 2.54949699494652e-06 1200.5240838365348 1216290.2049883371 1.2162902049883374e+06 1216290.2049883376 1216290.2049883383 2.3283064365386963e-10   
450 4500 2.455054927475448e-06 1195.1333377625572 1216290.2049883371 1.2162902049883374e+06 1216290.2049883376 1216290.2049883378 2.3283064365386963e-10   
451 4510 2.4727010929466552e-06 1178.5925001957041 1216290.2049883371 1.2162902049883371e+06 1216290.2049883374 1216290.2049883376 2.3283064365386963e-10   
452 4520 2.5043368183927673e-06 1173.8393359473066 1216290.2049883371 1.2162902049883371e+06 1216290.2049883374 1216290.204988338 2.3283064365386963e-10   
453 4530 2.315199048724272e-06 1135.9255143553012 1216290.2049883371 1.2162902049883371e+06 1216290.2049883371 1216290.2049883376 2.3283064365386963e-10   
454 4540 1.9865294424715287e-06 1127.2544856324264 1216290.2049883371 1.2162902049883371e+06 1216290.2049883374 1216290.2049883376 2.3283064365386963e-10   
455 4550 1.8619177028345703e-06 1093.7647468060893 1216290.2049883371 1.2162902049883371e+06 1216290.2049883371 1216290.2049883374 0.0   
456 4560 1.8358316502252024e-06 1132.3717920589902 1216290.2049883371 1.2162902049883371e+06 1216290.2049883371 1216290.2049883376 2.3283064365386963e-10   
457 4570 1.7866164379506547e-06 1145.821951714477 1216290.2049883371 1.2162902049883371e+06 1216290.2049883371 1216290.2049883374 0.0   
458 4580 1.6985415836129394e-06 1130.85288710338 1216290.2049883371 1.2162902049883371e+06 1216290.2049883371 1216290.2049883371 0.0   
459 4590 1.520713549879004e-06 1117.1155328533891 1216290.2049883371 1.2162902049883371e+06 1216290.2049883371 1216290.2049883374 2.3283064365386963e-10   
460 4600 1.4065640608805762e-06 1165.3968842197435 1216290.2049883371 1.2162902049883371e+06 1216290.2049883371 1216290.2049883374 0.0   
461 4610 1.2938252189982017e-06 1185.6764621547177 1216290.2049883371 1.2162902049883371e+06 1216290.2049883371 1216290.2049883374 2.3283064365386963e-10   
462 4620 1.2258428065212658e-06 1203.8822691585515 1216290.2049883371 1.2162902049883371e+06 1216290.2049883371 1216290.2049883371 0.0   
463 4630 1.1379934862982492e-06 1188.2942216490683 1216290.2049883371 1.2162902049883371e+06 1216290.2049883371 1216290.2049883374 0.0   
464 4640 1.042466700985415e-06 1149.881167327726 1216290.2049883371 1.2162902049883371e+06 1216290.2049883371 1216290.2049883371 0.0   
465 4650 1.0275763724112442e-06 1154.5908589835226 1216290.2049883371 1.2162902049883371e+06 1216290.2049883371 1216290.2049883371 0.0   
466 4660 1.0482574529897032e-06 1231.9700587087098 1216290.2049883371 1.2162902049883371e+06 1216290.2049883371 1216290.2049883371 0.0   
467 4670 9.837321782935107e-07 1234.7558758871173 1216290.2049883371 1.2162902049883371e+06 1216290.2049883371 1216290.2049883371 0.0   
468 4680 9.750915070388663e-07 1245.2244797411206 1216290.2049883371 1.2162902049883371e+06 1216290.2049883371 1216290.2049883371 0.0   
469 4690 1.021793144669559e-06 1272.958716810856 1216290.2049883371 1.2162902049883371e+06 1216290.2049883371 1216290.2049883371 0.0   
470 4700 1.0755209064536617e-06 1237.4981756872144 1216290.2049883371 1.2162902049883371e+06 1216290.2049883371 1216290.2049883374 0.0   
471 4710 1.0804677782579788e-06 1299.2107858642312 1216290.2049883371 1.2162902049883371e+06 1216290.2049883371 1216290.2049883374 0.0   
472 4720 1.1345479481281808e-06 1291.586973735514 1216290.2049883371 1.2162902049883371e+06 1216290.2049883371 1216290.2049883371 0.0   
473 4730 1.1947546334431878e-06 1297.877956424559 1216290.2049883371 1.2162902049883371e+06 1216290.2049883371 1216290.2049883371 0.0   
474 4740 1.2813158319349823e-06 1328.8462830730184 1216290.2049883371 1.2162902049883371e+06 1216290.2049883371 1216290.2049883374 0.0   
475 4750 1.3658668235685992e-06 1309.2076249135912 1216290.2049883371 1.2162902049883371e+06 1216290.2049883374 1216290.2049883374 2.3283064365386963e-10   
476 4760 1.4005253659232714e-06 1295.6909746837573 1216290.2049883371 1.2162902049883371e+06 1216290.2049883371 1216290.2049883374 0.0   
477 4770 1.3585528776118143e-06 1302.1620238837775 1216290.2049883371 1.2162902049883371e+06 1216290.2049883374 1216290.2049883374 2.3283064365386963e-10   
478 4780 1.346582175538911e-06 1325.3801434841246 1216290.2049883371 1.2162902049883371e+06 1216290.2049883371 1216290.2049883374 2.3283064365386963e-10   
479 4790 1.3296548277853502e-06 1383.3819272465303 1216290.2049883371 1.2162902049883371e+06 1216290.2049883371 1216290.2049883374 0.0   
480 4800 1.3387518943658238e-06 1436.9659315852546 1216290.2049883371 1.2162902049883371e+06 1216290.2049883371 1216290.2049883374 0.0   
481 4810 1.4308936111274689e-06 1473.4919375874376 1216290.2049883371 1.2162902049883371e+06 1216290.2049883371 1216290.2049883371 0.0   
482 4820 1.3529256235669737e-06 1539.1248374007484 1216290.2049883371 1.2162902049883371e+06 1216290.2049883371 1216290.2049883374 0.0   
483 4830 1.29772625795407e-06 1634.849733863891 1216290.2049883371 1.2162902049883371e+06 1216290.2049883371 1216290.2049883374 0.0   
484 4840 1.2326511297657995e-06 1726.711976600938 1216290.2049883371 1.2162902049883371e+06 1216290.2049883371 1216290.2049883374 0.0   
485 4850 1.2547036269692654e-06 1664.1981232972535 1216290.2049883371 1.2162902049883371e+06 1216290.2049883374 1216290.2049883374 2.3283064365386963e-10   
486 4860 1.1535037272249263e-06 1659.1737189982277 1216290.2049883371 1.2162902049883371e+06 1216290.2049883371 1216290.2049883374 2.3283064365386963e-10   
487 4870 1.0628556746997068e-06 1636.3184876126543 1216290.2049883371 1.2162902049883371e+06 1216290.2049883371 1216290.2049883374 0.0   
