% # columns="iteration, evaluation, void, void, void, xmean", seed=854797, Sun Feb 16 19:12:32 2025, <python>{}</python> # scaling_of_variables: 1, typical_x: 0
1 10 0 0 0 1.4549722615345244 1.2425473854187254 2.8866898065230697 0.7526351533756578 1.3591477320284515 1.808632890966346 2.212020050629902 1.4672669779181418 1.2592758611503998
2 20 0 0 0 0.9782454260912481 0.26537804671894843 2.230833125706797 -0.43359379330145814 0.6406331033063264 3.1765118546701707 1.7023227727025934 1.0162414238770259 1.1238718136549304
3 30 0 0 0 0.7061901942751666 -0.340647950728909 1.7607626352658767 -0.5899841690387007 0.5657243915450755 3.215146654524669 2.660679039615456 0.7878540779656975 1.00641947899021
4 40 0 0 0 1.2691197890465822 -0.3969577364696261 0.7827761383247631 -0.3803782015544538 0.8218826388390096 3.368213300065089 3.4350397050927413 1.0633833828490864 1.2237473492680813
5 50 0 0 0 1.0151590062795364 -0.26935135064704924 0.26062985126846594 -0.8220583037452802 2.008424899794703 3.92713587699439 3.070713982935693 0.7525150244361286 1.1477745099829961
6 60 0 0 0 1.526240795224826 -1.5477144375105765 0.5003961739276924 -0.8129727585523012 1.7472055231602819 3.9648009332790144 0.7624906870880551 1.0242162318228278 0.9499696883560558
7 70 0 0 0 -0.22920762456501287 -1.6829874488818934 0.9391261669712562 -0.653915946293566 1.754055170369298 3.6048972576416562 1.3309501882255939 0.9402556902109211 0.764626097003889
8 80 0 0 0 -0.8548494045995699 -1.2276208914827436 0.941643058754197 -1.1156948393502246 1.7177170394636545 3.400136917863148 0.5203828216203674 0.6280102711008235 0.7521652841281578
9 90 0 0 0 -0.33511195814066136 -1.4133615231668986 0.12638081787489922 -1.3697700943782531 1.581080514723243 1.9445156908305776 1.0548628574661987 0.4531553951403693 1.0845080235393563
10 100 0 0 0 0.5316730318400189 -1.6061770006720577 0.2764448148895356 -1.4394566727721718 2.393627704392312 1.6762186572374949 0.13231671632474937 0.2148526501679665 1.2215655588351853
11 110 0 0 0 -0.241664853044885 -1.8941660743393876 1.2142861712310127 -2.3892291395267473 1.4690698331676024 2.201674373812439 0.005738633942319575 0.5644944229920055 1.0061244682004415
12 120 0 0 0 -1.304602857291911 -2.0627309297683576 0.531194495657556 -3.2592801687042736 0.9350285878012221 2.8627891463959636 0.568519859943406 0.31837112462801637 1.1386980576006858
13 130 0 0 0 -1.6728149127936143 -2.4658654447870516 0.7867597896139187 -3.8045737151211876 0.1987921082089752 3.8691981410512697 1.3051490480141505 0.9317582373884553 0.9284222707850548
14 140 0 0 0 -1.6209975929735951 -2.5544911135304478 0.9465477210128944 -3.5322388081570684 0.4292231762006853 4.076119892723149 1.1887168637125791 1.4079468637032557 1.0372351339843882
15 150 0 0 0 0.12089974034423659 -2.8343768650330206 1.133337677174276 -3.1910159521120915 -0.4119665723384741 2.939064740327676 1.4222061253551836 1.0970933838516121 0.9060964271410692
16 160 0 0 0 0.13132323776904528 -3.3295520392216007 0.8035268355260548 -1.5558438375575239 -0.6584019654233965 3.452487225653292 2.3426930166185698 1.1148683236843893 0.84869957856784
17 170 0 0 0 1.0010710754639864 -3.2629582734672016 1.6511309562783103 -1.6052453244028841 0.4525471404943579 4.201249185708568 2.4765586557744426 0.9285960176812564 0.7615146030786514
18 180 0 0 0 1.1114675725054584 -3.8629229294083345 2.1499631537078514 -1.7681305730229637 1.2798927283384378 4.433216611809315 2.102581032754445 1.0887949029801052 1.0484661367161345
19 190 0 0 0 1.4657577405837943 -3.418404535352705 1.659076895914715 -1.316571264413399 1.0747339977193753 4.595335689741923 2.379889737923081 0.6151631173891191 0.983170217845113
20 200 0 0 0 1.7618707604255246 -4.444003538045838 1.4730423412398552 -2.0026376512381616 1.212525228502703 3.64505727701731 1.8361735512478292 1.4873743740149663 0.8769814500404044
21 210 0 0 0 0.9710311053068478 -4.268599281210576 0.9954721411302654 -1.2762394684397638 0.9944641045885031 3.2941648021106316 1.6822468562668165 0.4512953234892159 0.9274305983113285
22 220 0 0 0 0.320037319757573 -4.282806107906267 0.41057870590883916 -1.2642988186921214 0.6206948268192165 2.926502054828755 1.2288484818729204 1.0922426328042623 1.107515570188656
23 230 0 0 0 -0.09258422108164552 -3.5432865102588322 0.3888269206718383 -0.9545981793533858 0.2561377865326441 3.2813580447193273 1.0517827462422802 0.9304047913390493 0.9751938492794402
24 240 0 0 0 -0.33833093821434734 -3.4664943339538246 0.44401311365984314 -0.822147915287026 -0.31276022312768165 4.080991409352439 1.2461110907303656 0.9957848701832129 0.934728763603382
25 250 0 0 0 0.03622267665152765 -3.02733506349566 0.22945180979990068 -0.7001646478936668 0.0547480443102292 4.384907592251439 1.184058570392335 1.5019329704401811 0.9646974255124166
26 260 0 0 0 -0.3624544100263203 -2.3890549891306003 0.40000010832325067 -0.11579948410460005 -0.3122827309048663 4.224454821022895 1.2490080695127852 1.293676199639258 0.9223901391938992
27 270 0 0 0 -0.5141509521735377 -2.1816264922213473 -0.08712424507495932 0.11917512124189285 -0.9112883913779245 4.21593871712876 1.3623302909648074 1.0176263667755576 0.9505842973830197
28 280 0 0 0 -0.38467421542112645 -2.238285630336456 0.6238231065856317 -0.2606840996733699 -0.44589704216726733 3.6177923275555157 1.2573556302566302 1.089727322488908 0.9524885535027083
29 290 0 0 0 -0.5184380443893563 -2.192954361139952 0.06614683082765761 0.4184357776497184 -0.08902135627593707 2.774786841871026 0.7837189539555923 1.0530152837602578 0.9082953574201796
30 300 0 0 0 -0.43735200025322324 -2.3177780393124316 -0.04771451107070624 0.913412137986282 0.5306902152387165 1.6906042626494302 0.271645873826014 0.8892115218070247 0.988029009000157
31 310 0 0 0 -0.6811317008809271 -2.224897424586142 -0.02407178839509689 1.3681298509213895 0.539752292273351 1.9758585946920117 0.24931742522812056 0.6848543821656484 1.0818671251487677
32 320 0 0 0 -0.8208716649224882 -2.066126911645145 -0.012801992132095954 0.5859321916253607 0.44733272980058264 1.9270079489585732 0.5893668359497065 0.7236982996934473 0.9333078155222035
33 330 0 0 0 -0.793671259273293 -2.3896702591566448 -0.037371277427698496 -0.47394994143099334 0.5919023440593413 1.4383580624775874 0.8673843666298757 0.8554208262201802 1.0265016051338558
34 340 0 0 0 -1.0317394098448702 -1.6402268392667163 0.3961772436153014 -1.0520718080027898 0.5334834366570081 1.1026965886244322 0.7085230290417589 0.9504983059801234 0.9805690489551243
35 350 0 0 0 -1.0057133535875795 -1.9653992381439163 0.07174944806839378 -0.8842217191637665 0.467175807193714 0.889893215231017 0.8923067059853 0.9157957652961728 0.9374218456056644
36 360 0 0 0 -1.2138871032781289 -1.8686167124217836 -0.08011659436915118 -0.8965431333396684 0.2218706356199235 1.4810959752394597 0.9238561936220304 0.9073905277155991 0.9701978950772945
37 370 0 0 0 -1.256513227954951 -2.181002823386986 -0.2389608867141182 -1.4721866450250933 0.28453664890171937 2.2631021967166447 1.1066416495662146 0.9009182551389913 0.9445766371545862
38 380 0 0 0 -1.6036288442229856 -1.868366905571505 -0.24393104952655328 -1.5153795863100343 0.1312225081620278 1.5554477800732 0.8338746700818379 0.9282887161174291 0.9179558943651479
39 390 0 0 0 -1.6019085782561528 -1.4194348724965813 0.24171553234815474 -1.8825652654137937 -0.20278526878738085 1.7820286592649863 0.9878745711077787 0.9301549874764524 0.8891161093697894
40 400 0 0 0 -1.560023230608041 -1.373083595271219 0.30093210135352 -1.7653901889367496 0.4222935157157728 0.986754090758665 0.7530123746546752 0.867991475983674 0.8946405140535028
41 410 0 0 0 -1.5998085134587607 -1.530612379571152 0.1582591344361826 -1.1324447528593384 0.1863281917896095 1.1994400149916373 0.7391193841609283 1.0067206795811765 0.9803117267036053
42 420 0 0 0 -1.2659029949518408 -1.6178116006250955 0.4203241148333578 -1.0431045908651293 0.3195904831033585 1.0365823895432713 0.7754868648356855 0.9699666837994236 0.9653779552947016
43 430 0 0 0 -0.8938446250897815 -1.2083203763417423 0.330306702386485 -0.09300142011467658 -0.04529267470878938 1.039617015611997 0.940158741006486 0.9704172593499207 0.9334673259425489
44 440 0 0 0 -0.8610542997683123 -1.1534473374466023 0.27125571645757024 -0.16562075000525425 -0.10075138859622362 1.1322590474892822 1.1933907782536644 1.0268687195215271 0.9381915357808603
45 450 0 0 0 -0.4552280217210147 -1.3359512163947487 0.36846678742742844 -0.4530339669886909 -0.13615184573406028 1.2215189327192564 0.7908115744427148 1.0439487473583464 0.9636256306487192
46 460 0 0 0 -0.19809314019463356 -1.4163783956361407 0.30481170295940085 0.2820623755565673 -0.14600625739178838 1.0766470317241166 0.7700134673962825 0.951889185756607 0.925458207512796
47 470 0 0 0 0.05085675594867907 -1.202371962172673 0.2147603377891559 0.37787942515729983 -0.3440641907304332 1.011143273117743 1.0106151428159933 0.9462269200865456 0.9415813951599439
48 480 0 0 0 0.2423121907397216 -1.4799360284600682 0.18320486219927357 -0.17769908046055366 -0.11876678307013391 1.090057997937282 0.8972090333685527 0.9868024386020223 0.9373898258828315
49 490 0 0 0 0.5409168633858791 -2.2328938052975094 0.21776281584476892 -0.7787045238571053 -0.05972422912052183 1.1704352966656828 0.8332548127920214 0.9891162034999982 0.9265394596402474
50 500 0 0 0 0.7004206897909792 -2.594294139033607 0.29438569027225325 -0.5167975711079729 0.14023985304200978 1.2306157526416956 0.8915051900219562 0.9760733291536605 0.955006821101668
51 510 0 0 0 0.5342682413266775 -2.2187956109238036 0.4332925812384491 -0.3832267187453897 0.09271497066612835 1.4237120739221711 1.1172474593662414 0.9432766311486767 0.9763563929353293
52 520 0 0 0 0.4432465581782452 -2.369543147595552 0.6831454428173364 -1.6717905759280534 -0.03837244023081864 1.152669761365011 1.1191694980477755 0.9715633812836375 0.9719947139566623
53 530 0 0 0 0.9945166752220294 -2.4909696154266365 0.8847761990338964 -1.9816577692893096 0.3394265967166911 0.6632269083545254 0.9898815344081302 0.9116998265595861 0.9686673258092936
54 540 0 0 0 0.7028470311651951 -2.248839137201384 1.2007940109068438 -2.3623877958214874 0.4866521624835682 0.46554909663108074 1.0287770901083468 0.9844439165842956 0.9223507284392203
55 550 0 0 0 1.1451748486536808 -2.7330654884726675 1.2671695271345622 -2.6641799595463573 0.49964400916272234 0.42119752273365496 0.820297446340629 0.9985162218917885 0.9163081606747159
56 560 0 0 0 1.199804073904518 -2.9695436061395952 1.0085424102058191 -2.0902770571813045 0.3287896175644079 0.4453134852285442 0.9138512102893991 0.9288168332981974 0.9407804008393991
57 570 0 0 0 0.6382715331476619 -2.566101061392373 0.9183983831420455 -1.1562804411064231 0.17771825686431925 1.1012221683760015 1.0499248677471524 0.9677754498163104 0.9574024767287194
58 580 0 0 0 0.4997673722610447 -2.0811000211178503 0.8783885178089849 -0.5791251680370555 0.33589312932348653 1.22919685724555 1.117526712272922 0.9748828501619056 0.9399561558990895
59 590 0 0 0 0.22753897217750813 -1.9969358654756089 0.7312750866086932 -0.763035812380107 0.5573480091785699 1.004870228775326 0.9317948524034895 0.9166408726676748 0.9544388050314798
60 600 0 0 0 0.07016148866025938 -1.9152785146940308 0.8826277590674858 -0.8908118419915233 0.6010994848325525 1.2925239115261247 0.9072836348566409 0.9769051098580793 0.9569251134116178
61 610 0 0 0 -0.019721665149111733 -1.8227307832661526 0.6004199063000312 -0.4610232160092592 0.3156512475802144 1.0588510497590968 0.7551931284664916 0.9772343476019729 0.9372926182250322
62 620 0 0 0 0.3651786783943827 -2.144199314181797 0.7666052953030255 -0.49828758407282514 0.28582878822844626 0.695293790376999 0.8935457400122047 0.9347237163074347 0.9672080477573606
63 630 0 0 0 0.2976332413906602 -1.9285733755825503 0.4389170610982625 -0.4012620472614268 0.36840506025678715 0.7317901485657419 0.9973715015508693 0.9516209540252604 0.9599132324122658
64 640 0 0 0 0.448379602918405 -1.9508576957414934 0.5582012831993772 -0.364151627339628 0.37614192457266576 0.7931442469423097 1.015283505163565 0.9307552773174173 0.965655985845079
65 650 0 0 0 0.5293841215820558 -2.1806522628906033 0.6800759546434922 -0.34857535887782554 0.24659833420354543 0.7479122266622432 0.9761043045131862 0.95147869843864 0.9544759137695448
66 660 0 0 0 0.5987334223273473 -2.2734253954698525 0.5965252309522373 -0.24782886554783473 0.20188287720399886 0.8323547986268452 0.9766933343164658 0.9509175007122525 0.959644364660227
67 670 0 0 0 0.46510385744426086 -2.12490340615758 0.5514304944030461 -0.21460407901387635 0.2353703262525247 0.9043971630717752 0.9132261811932318 0.9500791133353479 0.9625265042957595
68 680 0 0 0 0.41440446814356957 -2.0575503002481255 0.4033172097213442 0.10130110105999879 0.22632789874096412 0.9413066636376847 0.9481183597609465 0.952168084435159 0.9602937239194688
69 690 0 0 0 0.4881665141078018 -1.9580146319590244 0.36012921529406317 0.21335138268148607 0.1771283656057421 1.0043245494889133 0.9543514651696474 0.9423351946063615 0.95401982496442
70 700 0 0 0 0.48157651616025465 -2.042955531735096 0.43822904003399443 0.14682522787034893 0.16371331404533057 0.9303400195384874 0.9603849965887357 0.9479969749148572 0.9467448895844319
71 710 0 0 0 0.5730674347829939 -2.062276275297911 0.573986868437156 -0.021042318880848995 0.09610005717597778 0.89968300570607 0.9493474727438854 0.9510770470125719 0.9504136877661792
72 720 0 0 0 0.6652636071359712 -2.2146634174596738 0.5997609588515412 -0.1841157503244035 0.013599551825995915 0.9050033607457266 0.9708333632753301 0.952647118863685 0.9510285013841505
73 730 0 0 0 0.5336787454473487 -2.1469228438870056 0.5070006252068379 0.06912929751087178 0.04157268894405923 0.9954483441655213 0.9709440196047185 0.9486788120080153 0.9523022417096174
74 740 0 0 0 0.5944736575440189 -2.198523172218172 0.534421452794174 -0.08234192170708611 -0.017165653836452303 0.9123669684101661 0.9836653310865027 0.9511840232927995 0.9438273284564741
75 750 0 0 0 0.4996045385778526 -2.154748679548329 0.5080016115652383 -0.03785021499740357 0.006015332771937468 0.8899942324200285 0.9353846531812828 0.9410187487215356 0.9461628732856718
76 760 0 0 0 0.58941543226911 -2.1210790419155194 0.5928906286430904 -0.07283949239084724 0.029340010641609623 0.9038713210599687 0.9536524378393896 0.9506716183156698 0.9426673019762442
77 770 0 0 0 0.6205176439200007 -2.1743904095864908 0.6185332842824307 0.04774554279129587 0.0520934054599406 0.9435261625223594 0.9622040544814648 0.9445537308245956 0.9478516108830822
78 780 0 0 0 0.5690241553434919 -2.2034149788614754 0.5785604783698162 0.06516891482558916 0.060259584551130466 0.9161454376270158 0.9538190124732674 0.9405133456033135 0.9490629479182867
79 790 0 0 0 0.6235133156583603 -2.2519616356732746 0.5575341759928463 0.11403748962397729 0.07640566901077944 0.9495228303775262 0.9761238775979201 0.9516152534139951 0.9550728699145241
80 800 0 0 0 0.6072873180733404 -2.2142988865820667 0.59358553694967 0.15219528239776411 0.13317478934406657 0.9252431080901992 0.9479581750886992 0.9498193122773112 0.9516631703375131
81 810 0 0 0 0.5792744643974049 -2.1440222059019045 0.5919804684907332 0.1698712585356455 0.1448847254577112 0.9369046295610975 0.9446377802303261 0.9548996911687866 0.94858812919958
82 820 0 0 0 0.6109391966769329 -2.1793448870965446 0.6122621646719231 0.05139760129791287 0.13596958958120256 0.9122370413038617 0.9367353414028466 0.9533818436521992 0.9467656355523726
83 830 0 0 0 0.633863390412245 -2.2055713399516255 0.5924801179131415 0.08499284896244733 0.17940570648122087 0.9268317842513493 0.9313709258431074 0.9513877649738974 0.94857787754656
84 840 0 0 0 0.6326445674895548 -2.1936846789817537 0.5932718029669352 0.16900995703378968 0.19110296386503595 0.9378225538945356 0.9358970871418801 0.9541315749526051 0.9489111147469101
85 850 0 0 0 0.6261107716387516 -2.150726908467803 0.5531134212833687 0.32685837892176967 0.2242728250721504 0.9207598648322078 0.940053742691562 0.9473643988511169 0.9509675960612589
86 860 0 0 0 0.596970831109421 -2.032358626916163 0.5125478699389912 0.3961502440773668 0.25638696887496426 0.9242099659544721 0.9480233258455034 0.9550018797165374 0.9489956532344941
87 870 0 0 0 0.5036871692843439 -2.050115601028771 0.5470119287297779 0.36663835417051716 0.3228555295531476 0.9674147389196834 0.9343993965540054 0.9552356562144755 0.9527763767297929
88 880 0 0 0 0.7020097418487206 -2.103982154930391 0.5534689485409591 0.49968870956781686 0.3446633401636949 0.9450811508930025 0.959929615420735 0.9557572480822399 0.9511687530861529
89 890 0 0 0 0.66928483125029 -2.0677365591432717 0.5372945262555413 0.6775220163968448 0.33416036946402683 0.9550367314202415 0.949792941501364 0.951580801169442 0.9508261245300702
90 900 0 0 0 0.6006002951418455 -1.9460256051469167 0.524245651537195 0.854788168460606 0.47307551183456814 0.9641596948054473 0.9532848558645401 0.9548690528624905 0.9538642896223852
91 910 0 0 0 0.6417823605075109 -1.9651498612826124 0.5533389186732998 1.0139344285852312 0.5223590146747035 0.9394043534423009 0.95337986820755 0.9511673108014653 0.9530752677906634
92 920 0 0 0 0.6818263307563153 -2.0352763103339666 0.5468562549263691 0.9210237489393384 0.5236866058076154 0.9339075147362746 0.9482549382268035 0.9513918647126003 0.9516358748860807
93 930 0 0 0 0.8015508628324722 -2.0903330991748508 0.56020531576038 0.9817931829640001 0.600093189663575 0.9339327243650599 0.9589316367935014 0.948462914500292 0.9519175014868043
94 940 0 0 0 0.8632119560913417 -2.000467171148221 0.5462777591562115 1.3861363510714966 0.6979912319107453 0.9341015712876176 0.9650658095283271 0.941922814619867 0.9524984037051542
95 950 0 0 0 0.7595429943029666 -1.9302830328200817 0.4692642004417201 1.4159305454630775 0.7290969532703787 0.9311370787154123 0.9613863696957469 0.945292073644339 0.9505452232352447
96 960 0 0 0 0.8416759948444612 -1.9751598520031841 0.5125950945730815 1.4691999501650108 0.7771344775228222 0.9007749608459652 0.9599315364298315 0.952173382307541 0.9481372716359417
97 970 0 0 0 0.8980506274474588 -1.899254311174565 0.5024448169668624 1.5726830882537095 0.8756699420336629 0.9381563284445876 0.9713217042960652 0.9534507913580389 0.9489863213125057
98 980 0 0 0 0.8755345212564274 -2.029952442879513 0.5785048465738309 1.309219180602011 0.785763918338155 0.9650032118783927 0.9654382665362087 0.9529318923352058 0.9477118978060686
99 990 0 0 0 0.8261054708478549 -2.0016958768867466 0.6054315550588826 1.2499707888844873 0.7487247670453339 0.977891372369551 0.9648791809085577 0.9528806379332646 0.9518528672710654
100 1000 0 0 0 0.8509061329164933 -2.0297960898582144 0.6163277344815844 1.0920718519631367 0.8055150746615897 0.9481822370522092 0.9569084233453584 0.9523009016829606 0.9503681040927139
101 1010 0 0 0 0.8209286606243948 -1.9794900155541488 0.6089582877470676 1.0328058649033125 0.8677629982565109 0.9525098079381905 0.9473629934069576 0.9526139596943531 0.9491625022558516
102 1020 0 0 0 0.8823335598914851 -1.9411980869878367 0.6141108069806277 1.0718460696317786 0.9064999110740773 0.9276466099088271 0.9551575469912663 0.9494210520509203 0.9496220658537337
103 1030 0 0 0 0.8606625748972687 -1.9487282491367202 0.6778256198856837 0.7942427817508406 0.9352107618685797 0.9416720123459191 0.9535185677605267 0.9483265236498961 0.9506447428595328
104 1040 0 0 0 0.8078826432117613 -1.92524818770504 0.6500144626886513 0.9939813626863406 0.9092105493241808 0.9301905677776624 0.9575634588671471 0.950137994316338 0.9527386187308523
105 1050 0 0 0 0.7876184476699267 -1.8677558746115885 0.6292548466032254 0.8538598273454208 0.9442123530140387 0.9367734406464301 0.9455176408505833 0.9505515140876529 0.9511955435296072
106 1060 0 0 0 0.7400648316142336 -1.8714712835968201 0.5813644497540627 0.7856403457489809 0.8691263906274058 0.9701728347118572 0.9514483906082519 0.9524408738105857 0.949170933120579
107 1070 0 0 0 0.7140927354562525 -1.8126474209280836 0.5510113781126177 0.8317932211816856 0.7904960787248403 0.950129705830741 0.9585874167082558 0.9525000187311398 0.9485096363694162
108 1080 0 0 0 0.735414585593368 -1.7304194858489383 0.5096778523781276 1.0254926634599608 0.9494183335908847 0.9857683771680671 0.9528870072584087 0.9551991932522917 0.946353373400999
109 1090 0 0 0 0.781824976460661 -1.882171066306168 0.5371918388949353 0.8010200876308551 0.9545495859379799 0.9670183153524425 0.9419397522263226 0.9544333060679971 0.9476295826981752
110 1100 0 0 0 0.739682406447784 -1.8925897208815656 0.5147643597910213 0.9250266413299565 0.9608983154384777 0.9482922711418525 0.9463828050067374 0.9495281361888533 0.951581035133539
111 1110 0 0 0 0.6826654439748415 -1.8249868005300198 0.47687706238607624 0.9235876296001987 0.9901878619801829 0.9729446047449423 0.9463030808661961 0.9495740634793759 0.9496457609315329
112 1120 0 0 0 0.5934967009316465 -1.7549286443294763 0.452547418566716 0.9616809429604092 0.973360047259616 0.9653830594978423 0.95371453316873 0.9495482847275977 0.9499593703790615
113 1130 0 0 0 0.6185949544710362 -1.7895812487925729 0.4414711403340729 0.9523181261619517 0.9443545458797517 0.9604791595477006 0.9466190544468415 0.9512321912802106 0.9503477112830783
114 1140 0 0 0 0.5828992983089638 -1.7416037120269467 0.4320967581215186 0.9694045970461302 0.9616975162149672 0.9525492952918173 0.9470301798222192 0.9525287804734671 0.9487261206179437
115 1150 0 0 0 0.6249702796793448 -1.7719594235266556 0.4589753307674158 0.9143220103212344 0.9405697377998518 0.9596011915460988 0.9479417976308437 0.9533800262601265 0.9490404992975254
116 1160 0 0 0 0.5829335089968278 -1.7712019702442738 0.44083908693362717 0.9313778252394479 0.9406554446898254 0.9378907149124184 0.9477122839565616 0.9520491583678846 0.9497626891669558
117 1170 0 0 0 0.5474407279638213 -1.7488408300633411 0.4536840461841105 0.944366065818281 0.9503912411527653 0.9435232762266531 0.9445927315692112 0.9494120731613476 0.9497708741072761
118 1180 0 0 0 0.5453607963943066 -1.7084112622679133 0.4409082930337144 0.9955820951944799 0.9683887641135361 0.9448229927477195 0.9448727139302975 0.9496063171898157 0.950173521622615
119 1190 0 0 0 0.5211363956246645 -1.7037925312277769 0.4221106063107303 0.956086548963045 0.943790785569231 0.958059848477275 0.9498423598253726 0.9511818434563177 0.9492514619629485
120 1200 0 0 0 0.5679993490167111 -1.7402418694173065 0.42119883613963427 0.9612320741965059 0.9387794547546882 0.9505938406923217 0.945117043054049 0.9515826433964005 0.9495155946979992
121 1210 0 0 0 0.5709077049050266 -1.7613196567713343 0.4355409423291357 0.9210717874115971 0.918920271397181 0.954003907798663 0.9448756990634928 0.9499967345064315 0.9496975124886485
122 1220 0 0 0 0.5796347881297829 -1.7612918381142777 0.44052883795089914 0.9559566695275183 0.9258684915519299 0.9562655731220332 0.9464611696247686 0.9496220775566521 0.9497999941653401
123 1230 0 0 0 0.5835382678549575 -1.744914104372093 0.43756072858472955 1.0097444211064583 0.934980289137666 0.9568404724730614 0.9505194241695591 0.9496793760170097 0.9497193108848503
124 1240 0 0 0 0.5808746025787034 -1.743705809279455 0.45140375708757646 0.9724937411349847 0.9266724835035541 0.9493717092285516 0.948146960578557 0.9497521761250953 0.9492666733642525
125 1250 0 0 0 0.584317696487694 -1.7481580883871826 0.4578586541850383 0.9341738298514657 0.9249864534292559 0.9466321794067317 0.948188421248963 0.9501446318232397 0.9499555835851096
126 1260 0 0 0 0.5916623291539923 -1.7591727824661751 0.4682853458579085 0.9570082812747502 0.924168787553272 0.9465988261846112 0.9499989316611942 0.9497071387209313 0.9498918974954699
127 1270 0 0 0 0.5974424209683896 -1.7521499207478741 0.47657067082421267 0.97016704529051 0.9559950817713043 0.9489467560518817 0.948106572610784 0.9508312464192488 0.9498991632538525
128 1280 0 0 0 0.6037752351740048 -1.7625706468676188 0.4760224606274122 0.9697248783095298 0.9531177783212392 0.9472490917722745 0.9495131998488462 0.95060201174045 0.9502279147549686
129 1290 0 0 0 0.590421977407314 -1.7622826030351322 0.47274000772750746 0.9679292344694043 0.9552985839502169 0.9524516801614569 0.9490680307456683 0.9494540844815704 0.9500376782345384
130 1300 0 0 0 0.5969363387320811 -1.7590190398644527 0.47581296956565305 0.9761244021479629 0.9561308721220044 0.950073049023591 0.9487245736400132 0.9497909511276015 0.9499734326706978
131 1310 0 0 0 0.591005243786407 -1.750826169333366 0.4773725644468803 0.9698129060477202 0.9533223624976354 0.9505559764959908 0.9501392399252737 0.9495166869366236 0.9498908719451885
132 1320 0 0 0 0.6182627577520329 -1.7683536713304064 0.49323626329799 0.9721225517804911 0.9533738935669216 0.9516850971323771 0.9500116101276868 0.9496839110969822 0.949771503759272
133 1330 0 0 0 0.6114512152403283 -1.7533214997711415 0.49744480442092304 0.9706545053279311 0.9557810171950301 0.9477895653840491 0.9501386351250586 0.9493210414167634 0.9496519944309525
134 1340 0 0 0 0.6158023726732565 -1.7603574050095434 0.49902189274937897 0.9827247364608382 0.9573915259361448 0.9514621522733309 0.9502269772715877 0.9496206464356424 0.9495427437699556
135 1350 0 0 0 0.623535942364876 -1.7666745416181875 0.5000076594116825 0.9671863901768636 0.9546417778662015 0.9470747756165381 0.9495656489194891 0.9494688373172058 0.9499632693758712
136 1360 0 0 0 0.615953448902023 -1.7590567652760984 0.4988511462709095 0.9669998562282474 0.9513100881648167 0.9451731092435444 0.9499052612379983 0.949909291533061 0.9499229800952655
137 1370 0 0 0 0.6210939740896537 -1.7613913340358918 0.5001660968916807 0.9574565360566661 0.9594859717987457 0.9472029952984141 0.9503165178962311 0.9498705691902736 0.950031100325499
138 1380 0 0 0 0.6172201906523386 -1.761087198418572 0.5051971388319839 0.9526619222371814 0.9599555415237935 0.9476874499641061 0.9504759069224152 0.9504276646756655 0.9499894463083289
139 1390 0 0 0 0.6050392501406868 -1.7537610696770254 0.5011895874332464 0.9511769221078935 0.9519158401289459 0.9487446251474805 0.9501449926827757 0.9504259501666926 0.9499902135787595
140 1400 0 0 0 0.6135438134550721 -1.759574706315514 0.5060257967328877 0.9549416059998754 0.9523449568244667 0.9494586048185395 0.9508903183812053 0.9507149494950892 0.9500633065738286
141 1410 0 0 0 0.6343036148289161 -1.772646598709094 0.5183443371876328 0.9520315958864561 0.9544766500789628 0.9490676987043304 0.950844249529504 0.9504147305520964 0.9500073548882855
142 1420 0 0 0 0.655693474627091 -1.7887021545268598 0.5302123888859689 0.9470935562699374 0.9578350415734983 0.9488988094525417 0.9510449125600586 0.9501855965226962 0.9500239537834714
143 1430 0 0 0 0.6523300688537593 -1.7910759485359424 0.530496308201836 0.9458180195322473 0.9592034944395518 0.9487962229390698 0.9509916204524288 0.9501731784576175 0.9500722622581405
144 1440 0 0 0 0.6651422770349552 -1.7896171582996019 0.5300966886336388 0.9486712070194522 0.9600332085106467 0.9475843141305292 0.950367642021638 0.9499214660219684 0.9502015481402848
145 1450 0 0 0 0.6552461060636848 -1.7884844894786882 0.5227254891955542 0.9484541572284115 0.9588169587692762 0.9483209130495206 0.9507387937657985 0.9494795336532611 0.9501978478631471
146 1460 0 0 0 0.642684109111764 -1.7803627131159474 0.5183752233892749 0.9536164370816462 0.9598785505645544 0.950319541576581 0.9492450081045053 0.9499138400102274 0.9501862272436288
147 1470 0 0 0 0.6458868338554659 -1.7810237443058832 0.5222435845606148 0.944565170323522 0.9567772189914805 0.9501846500407443 0.9489642896921118 0.9503432334884859 0.9501548629104121
148 1480 0 0 0 0.6456160895609473 -1.777540592254271 0.525492975784729 0.9452849646165115 0.9526607903343077 0.9498331735156332 0.9503358024237669 0.9504231489575948 0.9500231584907456
149 1490 0 0 0 0.6578683671818718 -1.7759117744275963 0.5347517746377684 0.9522379517520732 0.9557464142332133 0.9520796587344558 0.9507803318659742 0.9506364796251663 0.949988624729297
150 1500 0 0 0 0.6563642196290145 -1.7771717556545659 0.5364189160144808 0.9548644310437586 0.9534677639917674 0.9490889072998968 0.9500866770347751 0.9504567370197278 0.9497602191415684
151 1510 0 0 0 0.6691830995123924 -1.7835911476393238 0.5495783297843462 0.9474539852328006 0.9597585960877862 0.9512268067980951 0.9501293078011636 0.9505813228332113 0.9501037160068968
152 1520 0 0 0 0.6601555603919539 -1.7894521477699488 0.546877594425388 0.9433966227658692 0.9579104554201924 0.9500402524234008 0.9498619088254495 0.9500918167304206 0.9500795488474663
153 1530 0 0 0 0.6663681708583707 -1.7892900409067243 0.5495672071358703 0.9541163137646594 0.9540584622395867 0.9512493957912193 0.9491540741695023 0.9505218410727051 0.9501183936439023
154 1540 0 0 0 0.6637219980726385 -1.7888867670817754 0.5529836707031668 0.9595030420396485 0.9521204806990251 0.9503505970605427 0.9504214168061195 0.9504209897926459 0.9500756427274039
155 1550 0 0 0 0.6606052269147568 -1.794255594265594 0.552247935271332 0.9561933799930435 0.9488233299309896 0.9498825413012009 0.9502076158928263 0.9502140031718187 0.9501660746159979
156 1560 0 0 0 0.6756523232205719 -1.8029229054005 0.5614086963907261 0.9477112100804215 0.955720457246542 0.9505086042792995 0.9500508053516472 0.9501170793685042 0.9502185821529245
157 1570 0 0 0 0.6805553145251466 -1.8000464462456933 0.5636007595046508 0.9465601559130521 0.9554464128715987 0.9498449943602528 0.9501491282769678 0.9502323760798883 0.9501053821439907
158 1580 0 0 0 0.6935465006768815 -1.8038424054911357 0.5679610642452566 0.9464879595111129 0.9536094223628597 0.949734179897684 0.9500313783292952 0.9500387740094425 0.9500646493721214
159 1590 0 0 0 0.7087444125011694 -1.8154125125436205 0.5746261996856722 0.9471091005038472 0.9527256638167311 0.9501342220281654 0.9502519705433934 0.9501021378492199 0.9500559252820893
160 1600 0 0 0 0.7213778147423547 -1.8229456467804799 0.5805193068269482 0.9443991403406383 0.9523595108258319 0.95031257001006 0.9505931666208601 0.9500465193155497 0.9500354501326403
161 1610 0 0 0 0.7089116388237557 -1.8101064723343558 0.5768167564761902 0.950686720373761 0.9457941777324719 0.9500409794247572 0.9503297497986517 0.950202838949394 0.9501133913257045
162 1620 0 0 0 0.7225153337225833 -1.8190463993681631 0.5857989744744336 0.9560229318266956 0.9491271710712789 0.9511846357165533 0.9504703130529659 0.9505050947101531 0.9499653106687337
163 1630 0 0 0 0.7301477761702522 -1.822211805503779 0.5900219596764329 0.9508535344484415 0.9505245356251225 0.9518649295527285 0.9502484712639578 0.9502839145330493 0.9499440824633205
164 1640 0 0 0 0.7453605842976605 -1.8341120673147517 0.5995615332781219 0.947630119902441 0.9508523201337221 0.9514437662081929 0.9500615575938955 0.9501218490686918 0.9499575872693221
165 1650 0 0 0 0.7526199020646352 -1.8403601999194308 0.611617051691256 0.9426674045344009 0.9508038165612654 0.9504075749261465 0.9497433103725614 0.9500417034708499 0.9500070767185178
166 1660 0 0 0 0.7752012788677383 -1.84780338340985 0.6234500423293685 0.9415733984852899 0.9526777373211681 0.9517379302895695 0.9502011087920311 0.9501844694213167 0.9500762130974317
167 1670 0 0 0 0.7700598804080984 -1.848946840181419 0.6242662024804063 0.9401699586375107 0.9539516827963711 0.9526439605663987 0.950168496085116 0.9501809721642147 0.9500875035659299
168 1680 0 0 0 0.7851721587094426 -1.8591097636682432 0.6416445931106297 0.9391069201760031 0.9529559507667404 0.9526296012641599 0.9504761287098519 0.9498929259294113 0.9501047458809582
169 1690 0 0 0 0.7727141879287103 -1.8485935055403462 0.6414957656989894 0.9477726901949539 0.9498151804834106 0.9522791369239588 0.9503493507018628 0.9498744733768946 0.9501029520583896
170 1700 0 0 0 0.799281994203683 -1.85907646275268 0.6673563597308554 0.9457560922361156 0.9531637292473342 0.9516506932744113 0.9499971596311596 0.9497788483593577 0.949974494979821
171 1710 0 0 0 0.8262196296800762 -1.8749429517165563 0.6916460397804085 0.9414809338993687 0.9502571312955715 0.953208493925457 0.9499045283802754 0.9495609353315413 0.9499741456150849
172 1720 0 0 0 0.8457927447589874 -1.8810142198243618 0.7072625770659664 0.9406536423908346 0.9517834136979513 0.9522812023288347 0.949470773903074 0.9496187389971039 0.9499887545396453
173 1730 0 0 0 0.8828956843499867 -1.8926565598237453 0.7509362174151055 0.9413337854815477 0.9496443111729598 0.9509817753468517 0.9502706477158207 0.9494411745965705 0.9498404938190804
174 1740 0 0 0 0.9151169740913245 -1.906588782195259 0.7802874922655026 0.9328294521086029 0.9513273688148369 0.9510075144984929 0.9511386395260351 0.9496393293635252 0.9499279914110444
175 1750 0 0 0 0.934473417332017 -1.9175631283318086 0.7990425835267294 0.9240561162016135 0.9503501801511042 0.951630542448858 0.9497812216308774 0.9496051828663026 0.9499507145899216
176 1760 0 0 0 0.9897847113065257 -1.9468878864142884 0.8656214230655745 0.9381988751768313 0.9510365843963764 0.9537212367895042 0.9505737556710241 0.9494921887295513 0.949924888396675
177 1770 0 0 0 0.9880188383384396 -1.9546700553467622 0.8725308247369259 0.9381357041555648 0.9464117611861101 0.9530863122862501 0.9504635394214502 0.9493424415789745 0.9499219334175613
178 1780 0 0 0 1.024007931261338 -1.9619658431024822 0.8966647784291182 0.9463565626105125 0.9411690193015236 0.9545926966472568 0.9514800778229778 0.9496247255330852 0.9499003361235622
179 1790 0 0 0 0.9712417923388637 -1.9161475254470755 0.8469011942176713 0.9374750802938463 0.9382886496586561 0.9487022752378795 0.951660744027309 0.9496428206037544 0.9498507682376571
180 1800 0 0 0 0.9985457497246778 -1.9281599304133303 0.8799631636397357 0.9260834000077607 0.9502210588298468 0.9496437055397285 0.9501720601906487 0.9494070182938731 0.949977271382673
181 1810 0 0 0 0.9562665113764468 -1.9045637477645545 0.8777637887438344 0.9320002569355228 0.9498931572115795 0.9521561727410346 0.9501092081683943 0.9498307926600082 0.9502081818536162
182 1820 0 0 0 0.9459726489034007 -1.9032821790500556 0.8514590554650998 0.9368754079576154 0.9553862115497065 0.9502491176391991 0.9486713480392855 0.9497235846432069 0.95009051633781
183 1830 0 0 0 1.0033993695902577 -1.9451606142121631 0.8877707870299467 0.9317785731232494 0.9539262090886376 0.9497807328689029 0.9484600735526245 0.9503089158502965 0.9502030163679324
184 1840 0 0 0 0.9778948971484902 -1.9295992231765928 0.8851141440512151 0.9421270817875493 0.9510854140196444 0.9481609892553614 0.9490347412234655 0.9503212665436317 0.9500717878086418
185 1850 0 0 0 0.9699795119860266 -1.920130523532995 0.8830632370097886 0.9501328943677334 0.9537948745229798 0.9528595899563264 0.949647847792246 0.9501578773682574 0.9500947383625628
186 1860 0 0 0 0.9891457277084574 -1.9137655066572887 0.9095674962333867 0.9536801762762697 0.9509841196873284 0.9528843573051597 0.9495405911081981 0.9502738416233081 0.9500609374454185
187 1870 0 0 0 0.9795815243037258 -1.9077197143469284 0.9046209931922311 0.9533363678859103 0.9560705815321768 0.9499236393404304 0.9502193183598524 0.9498184485868046 0.9499333430135786
188 1880 0 0 0 0.991480147676078 -1.8876628254617662 0.9309267826565442 0.9603811030941302 0.9595463627251293 0.9530521647414506 0.9511154074098589 0.9500474084059716 0.9499807609099504
189 1890 0 0 0 1.031414481580301 -1.906280344002071 0.9388178457490209 0.9397003998088447 0.9587950821174593 0.9522981757358346 0.951198342937377 0.9503160733693843 0.9499158983862599
190 1900 0 0 0 0.9989730809676652 -1.9022254761189665 0.9083873200056136 0.9388044610965145 0.9554059004817441 0.9496838251732896 0.9501615245580152 0.9500665758409439 0.9499883478271306
191 1910 0 0 0 1.024344419150381 -1.9141702466926171 0.9563229114107876 0.9412663160347955 0.9577776983898342 0.9503760831937783 0.9500744156104427 0.9500793373387424 0.9499626673325718
192 1920 0 0 0 1.0475019573113977 -1.9182160693764487 0.9737818717935188 0.9456436068714348 0.9557990166055721 0.9501274260305018 0.9502071209240727 0.950009167181299 0.9498321964670785
193 1930 0 0 0 1.0023454803437366 -1.9049326147420724 0.9294806831356394 0.94821813277812 0.954481104870593 0.9484786507436452 0.9501469422075334 0.9497550969916906 0.9499668511566944
194 1940 0 0 0 1.0003507928649509 -1.9041660923845494 0.935178067242435 0.9456388804685669 0.9526266317409933 0.9497928604044803 0.9500636159250724 0.9498349353634614 0.9499054825029352
195 1950 0 0 0 0.9658686314565266 -1.8777906010461924 0.9089533673018758 0.9526918088157948 0.9541483009206393 0.9505733178069579 0.9499018052893735 0.9500520420943954 0.9499258677504175
196 1960 0 0 0 0.9604707423083686 -1.8753173891589643 0.8976992698300869 0.9594776821151528 0.9514878003806815 0.9513307870010441 0.9498758475967942 0.950144312826811 0.9499510528666467
197 1970 0 0 0 0.9425319022437233 -1.8632785966677112 0.899350228988589 0.9608414386259437 0.951192297472453 0.9491095045062697 0.9499233294402711 0.9499795774676938 0.9499215385215019
198 1980 0 0 0 0.9393422584151139 -1.8550726180905823 0.8939130701302814 0.9544242983605749 0.9528284575344825 0.9496981160557125 0.9500760177965405 0.9500976061531063 0.949891208954263
199 1990 0 0 0 0.9388485521906024 -1.8508728067409312 0.9064821110397155 0.954845383053323 0.9525708517393805 0.9495744728831187 0.9501910627311279 0.9500845779498482 0.9498386149349183
200 2000 0 0 0 0.9391427720421609 -1.8501359911463748 0.907738208301292 0.9587399846904354 0.952172675536038 0.950208461955645 0.9501975468647725 0.9500988235604741 0.9499887426684164
201 2010 0 0 0 0.931091540177651 -1.8287900002264952 0.9284470418308299 0.9559695915285603 0.9542660781886289 0.9489412742466804 0.9502990021285938 0.9501964241044494 0.9500151671554597
202 2020 0 0 0 0.9021234897351209 -1.8092229570461047 0.919713014338947 0.9552570224219266 0.9505829199561139 0.9499781162970324 0.9502988531266617 0.9503723075873022 0.9500048796083668
203 2030 0 0 0 0.8743746400993458 -1.7884007986993828 0.9046553539264391 0.9520113048954284 0.9530874557525721 0.9485989648858569 0.9500533006511303 0.9502983861235478 0.9498980119391432
204 2040 0 0 0 0.8863705474673682 -1.7930806270274857 0.905050793676655 0.9440739112128204 0.9531188761064412 0.9494241944561755 0.9503990769019056 0.9501098752827948 0.9499113824715288
205 2050 0 0 0 0.8780775862258365 -1.7836510077892525 0.8937479418840826 0.9402174233531925 0.9493197419151437 0.9492691526568786 0.9508126080130268 0.9501671182652379 0.9498876254507134
206 2060 0 0 0 0.8550783540533045 -1.7627957408774884 0.9021621107336437 0.9380412721269956 0.9507353951229953 0.9487327703633106 0.9509108554814987 0.9499230011238333 0.9499865020632883
207 2070 0 0 0 0.8007075796952173 -1.724039449813769 0.8787502270805481 0.9516683459763423 0.9532659383290053 0.9507548088883244 0.9507919719346621 0.9497558961197823 0.9500987992914277
208 2080 0 0 0 0.7764806209235301 -1.7015350228318822 0.8917507997852906 0.95347755837096 0.9512505326150525 0.9507598814951604 0.9499600722757126 0.9499123563498076 0.9499388385943566
209 2090 0 0 0 0.7763746979884352 -1.6916401261959055 0.9044968718821066 0.9604540281370721 0.9543154539923958 0.9493080101773539 0.9505989332323295 0.9500175256242592 0.949968594402432
210 2100 0 0 0 0.794710388561859 -1.6954528639695154 0.9117591583627225 0.950620512312759 0.950906601437728 0.9511253936125259 0.9510998331681425 0.9501793413432527 0.9499559207605939
211 2110 0 0 0 0.7085638438006204 -1.6397573071910698 0.8843301207527391 0.957746910239781 0.9480211066553124 0.9489941457083162 0.9508844139950171 0.950477334600023 0.950042280712373
212 2120 0 0 0 0.6913970918642043 -1.6452830945592687 0.8810307055824778 0.9549728592935606 0.9473491348384114 0.9470539436513554 0.950443467352898 0.9502076658453051 0.9499683528556111
213 2130 0 0 0 0.7213298676906341 -1.6533925382892816 0.9084775141173429 0.9620186019297252 0.9497010566617619 0.950094562665327 0.9502180820183191 0.9505926040941807 0.9500309280115686
214 2140 0 0 0 0.7538122932061067 -1.6560952654263341 0.9353468388421099 0.9454496201428618 0.9500639854356007 0.9500979967333055 0.9508652342237907 0.9502086136908022 0.9500090555761066
215 2150 0 0 0 0.7353375745373514 -1.6336711155710746 0.9287355950025461 0.940466286506984 0.9490486073657002 0.9488621703266223 0.9502017017665725 0.9501902069730491 0.9500631266189176
216 2160 0 0 0 0.729023513816868 -1.6189620978724326 0.91946078929502 0.9296249455705193 0.9487299678806747 0.9487190603539972 0.9499856312847568 0.9502516571333767 0.9500353945741932
217 2170 0 0 0 0.6719954849874049 -1.5799322276121628 0.9045000364499253 0.953432260893517 0.9484548351972675 0.949188302914878 0.9499392906729084 0.9505010771569793 0.9501469744650617
218 2180 0 0 0 0.7082088635312829 -1.584518732846264 0.9420485806489035 0.9627867451600576 0.9501886038302761 0.9494939474167714 0.9507517336293814 0.9503343594773204 0.9501555478138372
219 2190 0 0 0 0.6971965179919862 -1.5685030688926267 0.942235228126798 0.948718669809741 0.9513423537024495 0.9495483794837816 0.95080309685611 0.950297241877482 0.9500810124634893
220 2200 0 0 0 0.6756476893290808 -1.5360351259758618 0.9590230523712596 0.9425714030589561 0.95500246643864 0.9499758816909852 0.9506980227284945 0.9500481969782002 0.9501601649464891
221 2210 0 0 0 0.6156503822075369 -1.4998296461577734 0.923283915379305 0.9468262862209685 0.9501111235691564 0.9497228907882759 0.9493436561368455 0.9499878786326739 0.9501107314337073
222 2220 0 0 0 0.5121811332484743 -1.4261259526422168 0.9069946086431334 0.954760638930134 0.9523225032736563 0.9496000537074206 0.9498520705281526 0.9496280046623989 0.9503112619346298
223 2230 0 0 0 0.4849512418782138 -1.383242320976729 0.9394011533235619 0.9589449052260933 0.9458223000401345 0.9489786807649501 0.9510946359085689 0.9496824206703327 0.9502504988186039
224 2240 0 0 0 0.46660515501253763 -1.3336890975550066 0.9564400816386832 0.945791672915274 0.9502523591352672 0.9489307122001763 0.9512984046469581 0.9491750251077717 0.9503103887840672
225 2250 0 0 0 0.35200705036664637 -1.2565765352406522 0.9112744850863584 0.9533353592339834 0.9477905256391086 0.9488322713268101 0.95176293582733 0.9492648134861521 0.9503953174989251
226 2260 0 0 0 0.384314183478251 -1.292347079733382 0.896755273762306 0.9395057977887196 0.9480797141939978 0.9505127576379097 0.9508221077319731 0.9497990081516008 0.9501563936065741
227 2270 0 0 0 0.31554693787200483 -1.2114508483504132 0.8976959163083876 0.9463136873030906 0.9450791548484517 0.9525178416900086 0.9495543823750259 0.950063776670403 0.9501001662114242
228 2280 0 0 0 0.15432164328732745 -1.0300391026624758 0.908014303359951 0.9466781377754893 0.9525312235326264 0.9515313664155202 0.9500321610768173 0.9495405115103304 0.9502277413441628
229 2290 0 0 0 0.019900440327219004 -0.8943540269718345 0.9098571050674001 0.9321188208010688 0.9486036525298612 0.9520502778875825 0.9487654787404558 0.9498802786448434 0.9502686821107411
230 2300 0 0 0 -0.006881493164078352 -0.8942821571177635 0.8983360440424868 0.9556479632305612 0.9494502060663149 0.9509625917221309 0.9507085218525907 0.9496168164814833 0.9501865374457713
231 2310 0 0 0 0.019042841219140065 -0.8749535255678543 0.9392721513930576 0.9745286165887085 0.9475658806314635 0.9511694259939953 0.9501764906395821 0.9494205899471352 0.9503392968217745
232 2320 0 0 0 -0.05359273482511638 -0.7957209190935901 0.9722009412445944 0.9651111603677811 0.9570589791341167 0.9500557102271475 0.9488307889145119 0.9486535022156092 0.9506951727593697
233 2330 0 0 0 -0.14279995502550616 -0.7227701685066443 0.9273519999294053 0.9449524539497055 0.9538810578101993 0.9523188669453986 0.9488972388551156 0.9488424725717284 0.9505370148127081
234 2340 0 0 0 -0.20691353172538512 -0.6979320083387347 0.944343238301111 0.9447131054368367 0.9474846093178281 0.951247789796248 0.9495208574419581 0.9495065053883843 0.950460707293018
235 2350 0 0 0 -0.3603345365644236 -0.5737349811583802 0.9316181976844958 0.9763299883203576 0.945565581321153 0.9520256892584907 0.9502037291395435 0.9497621463611085 0.9504443605570014
236 2360 0 0 0 -0.3389493498446728 -0.6171400641031664 0.935866783686246 0.9727098577075164 0.9469961455839542 0.952502960874754 0.9485556679242478 0.9505643230229747 0.9503373157175586
237 2370 0 0 0 -0.4150286020896409 -0.5723260474291156 0.8615949750761933 0.9685756920319328 0.9488418746383471 0.9525884321300295 0.948095930748395 0.95130069458127 0.9502718734832377
238 2380 0 0 0 -0.5698679921751915 -0.41500958493134943 0.8616920217888109 0.9635930871303466 0.9479645644289293 0.9488536815718391 0.9485147322101986 0.9501762054242097 0.9501514034615002
239 2390 0 0 0 -0.7142508036943231 -0.3063953641605761 0.8227465616281687 0.963405471890197 0.9418773647120208 0.9498358316902455 0.9504106922163327 0.9509658874228656 0.9503054013143404
240 2400 0 0 0 -0.8861080183369512 -0.1361273806565908 0.8440975746849713 0.9483485293833305 0.9412211945893995 0.9461152707435913 0.949485865731612 0.9515159096514642 0.9502641468565212
241 2410 0 0 0 -1.1893349181347865 0.1417058725144862 0.8292762584260169 0.9534146907448087 0.9355277669677691 0.9490476760399134 0.9505282753952785 0.95090699217452 0.9503393141811773
242 2420 0 0 0 -1.1759511093916168 0.1962978964465168 0.8976319215482619 0.9581442861991509 0.9351960704928394 0.9509167860873058 0.9500134719970573 0.9508107265518483 0.9499041034458846
243 2430 0 0 0 -1.4285195681120457 0.41627905980430935 0.9394758862062212 0.9471886414843107 0.9331530400444359 0.9505344859098388 0.9492063123031182 0.9505597041065721 0.9498610901535026
244 2440 0 0 0 -1.4902130098764128 0.4601906074487899 0.9155642907107078 0.9380883826529003 0.9420320529188714 0.9506741633062709 0.9510714445413168 0.9508788301573364 0.9498493732187957
245 2450 0 0 0 -1.867093379638909 0.7923548614748283 0.8987140751557807 0.9351352487253474 0.9353210040443248 0.9514700062172016 0.9495256873154352 0.9501409723846475 0.9496857655209944
246 2460 0 0 0 -1.715002737735895 0.6666465340902198 0.9423943754410349 0.9285450462950077 0.9490898478904194 0.9440571563824193 0.9496371823698053 0.9504649838572341 0.9495613483354709
247 2470 0 0 0 -1.8148161212534024 0.7913393604245356 0.9536385335907899 0.9274766501261467 0.9452291831410569 0.9490555396071624 0.9483745419209986 0.9500590878357026 0.9498166982027829
248 2480 0 0 0 -1.7915486685309938 0.7927230162277502 0.9544636918100481 0.946784059145623 0.9457722625058589 0.9498812407224075 0.9476549436673133 0.9504225673463051 0.9499847125969323
249 2490 0 0 0 -1.874867152189966 0.9091906393518364 0.9935140129029011 0.9594667994684428 0.9420202784403031 0.9502943091869321 0.9481954359359182 0.9495856082321563 0.9499841547467321
250 2500 0 0 0 -1.667013936734949 0.7405700015611135 0.9416668482958442 0.9458960976708413 0.9464962680933577 0.9498626235427148 0.948349864442777 0.9497509194752715 0.9499460731622629
251 2510 0 0 0 -1.838928870018747 0.8717633445137611 0.9806888436944419 0.9390545646398871 0.9437331464135466 0.9494836941052353 0.9482448950270959 0.9500450418332259 0.950005009094129
252 2520 0 0 0 -1.6885406068858577 0.75640596125208 0.9675777240059953 0.957759677487364 0.9428117330089986 0.9475100011455966 0.9500067365601137 0.949343282659255 0.9500441900872816
253 2530 0 0 0 -1.6880738484173272 0.7534043449348843 0.98060471405176 0.9666561474332915 0.9419247836082343 0.948916312367662 0.9492409307410935 0.9499441443935608 0.9499219374613619
254 2540 0 0 0 -1.6544393241274258 0.7544692303978568 0.9690791028660346 0.9600385602035517 0.9392800135705334 0.9492266457467982 0.9495918319928084 0.9500812518240911 0.9499854648758365
255 2550 0 0 0 -1.75369906625389 0.8072968435775529 0.9394926455784209 0.9490699588849176 0.9398910028513418 0.9493624817200527 0.9494904848611563 0.9498121047090983 0.9500310897375874
256 2560 0 0 0 -1.9557141334731365 0.9729256694541241 0.9394532036855255 0.9497250915315802 0.9421087471230963 0.9477830022843254 0.9492988353098738 0.9500605748562941 0.950084549334533
257 2570 0 0 0 -1.9041583747345212 0.9342905856157716 0.9261715143493153 0.9574201262224898 0.9440109939578226 0.9482436762432145 0.9495746168634076 0.9498449022557548 0.9502296477674365
258 2580 0 0 0 -1.842535316404517 0.8924381342323117 0.9590617315139041 0.9470431392463655 0.945273352442562 0.9495544457968114 0.9504513513578737 0.9497665400702128 0.9502214581711897
259 2590 0 0 0 -1.8311632457603306 0.8932908630505338 0.9615413860414843 0.9472032258227743 0.9462552699325087 0.9508143764901633 0.9508399116108283 0.9501215368905026 0.9501888107049581
260 2600 0 0 0 -1.8354112972289716 0.8798249161236392 0.9373879984920668 0.9469815625114556 0.9468988220671407 0.9508584989724487 0.9502061840102111 0.9498266530450206 0.9501808166893606
261 2610 0 0 0 -1.8235938405103942 0.8713323202642644 0.937560750502622 0.9433810181830475 0.9492511895681982 0.9507449343074539 0.9495246626025922 0.9498070337720008 0.9499511049408814
262 2620 0 0 0 -1.8959114787749194 0.9159933256872884 0.9348986172016474 0.9420461245042802 0.9483100233698344 0.9506674750097551 0.9493662374617161 0.949849514656989 0.9500253001607745
263 2630 0 0 0 -1.9240725351636667 0.9283052662474375 0.9228754768969535 0.9436894200015091 0.9497525628936647 0.9514944636726581 0.94924637155032 0.9497726503918882 0.9500441576947498
264 2640 0 0 0 -1.9223949259184478 0.9459643876878039 0.93490578723366 0.9460468298692271 0.9512316672996631 0.9495960262895026 0.9495507064868864 0.9497275605141471 0.9501186264539203
265 2650 0 0 0 -1.945611110883195 0.960978201361639 0.9203984545530663 0.9458827182886844 0.9498444698191119 0.9496672215133833 0.950054108402268 0.9498354586746672 0.9501239825941186
266 2660 0 0 0 -1.9019345629518174 0.935167022948128 0.9326900754007068 0.9499392876034688 0.9488259953002737 0.9502213116364936 0.9500768473690024 0.9498964019611373 0.9501385458466675
267 2670 0 0 0 -1.9294333877207819 0.9613397064683704 0.9265229243718935 0.9477914813504901 0.9479818761318777 0.9503071149573417 0.9498306609386002 0.9496150376002908 0.9501331057112032
268 2680 0 0 0 -1.8928327110577943 0.9288950488880703 0.9315193545972497 0.9466268255863266 0.9512795978749896 0.9502666980086908 0.9498075393124742 0.9497014730849724 0.9501144746320271
269 2690 0 0 0 -1.881096230836475 0.923833235637233 0.9305470297998636 0.9515339579158546 0.9492621620763698 0.9504791254263821 0.949980791231864 0.9496827214207487 0.9500765539151015
270 2700 0 0 0 -1.8972808661963974 0.9412739177785027 0.9331855427132633 0.9477278083262706 0.9491419463776247 0.9509001566844689 0.9499581593165783 0.9497802176652521 0.9500434912720579
271 2710 0 0 0 -1.8730459060360833 0.9277064074100361 0.9453967441060798 0.9442268521772293 0.9493442880560409 0.9506239343061897 0.9501092663497691 0.9497491058215988 0.9500123710647447
272 2720 0 0 0 -1.8652103011827568 0.9149143674999836 0.9438500267746239 0.947071311960804 0.9495682046663599 0.9506343213982968 0.9500474984272812 0.9497610040103315 0.9500234339502736
273 2730 0 0 0 -1.8707360743563866 0.9246391501468643 0.9446841671525573 0.9498583266389661 0.9497360891518432 0.9502692790603079 0.9498515267806831 0.9499475384560473 0.9500209626498902
274 2740 0 0 0 -1.8693835429567112 0.9223955056508241 0.9459845511392355 0.947130544789135 0.9492453301107248 0.9503508295538273 0.9500526149580178 0.94995376246273 0.9500398365495651
275 2750 0 0 0 -1.8869415519803059 0.9358898931884365 0.9454486277996389 0.9472540386286031 0.9493105058110739 0.9502081073974655 0.9500129984699427 0.9499302337731139 0.9500334020466042
276 2760 0 0 0 -1.8793156716334225 0.9365671957029503 0.9472096128940737 0.9472028110074606 0.9488987564194673 0.950312267627977 0.9501393911735913 0.9499552454119716 0.9499981388291054
277 2770 0 0 0 -1.8630054303653545 0.9346611162257834 0.9495249291170889 0.9486761436562587 0.9495455360680557 0.9499397018915491 0.9500329795640463 0.9499967916681636 0.9499675597782287
278 2780 0 0 0 -1.8717674413447958 0.9446952750522251 0.9538958529595898 0.948036012075914 0.9498464270792474 0.9497539351038641 0.9500066811583096 0.9499848385865315 0.9499603885357535
279 2790 0 0 0 -1.8538098210736036 0.924172473895457 0.9517790657933246 0.9509124637805644 0.9503965282013146 0.9498310158248792 0.9500835899256918 0.9499563063228715 0.9499909323257856
280 2800 0 0 0 -1.8488279728374388 0.9276739308903098 0.9536966587002477 0.9490732379913484 0.9500144545331272 0.9500908354197253 0.9501431158767532 0.9499713947821069 0.9499964727909803
281 2810 0 0 0 -1.8455129309665337 0.9237260422870074 0.9502423586933609 0.9501864642863169 0.950086463121109 0.9497231091907243 0.9501518740036685 0.9499877691054167 0.9500221326543388
282 2820 0 0 0 -1.8316990923419452 0.9164301800535726 0.9507530939017886 0.9513752834509793 0.9506708235196505 0.9501703212128484 0.9500490862273979 0.9499476458348507 0.9500180399107294
283 2830 0 0 0 -1.82171611959994 0.9098516750195041 0.9480270578480033 0.952391519945296 0.9502276392942234 0.950085681551325 0.9500573624592723 0.9499758772771846 0.9499955104812187
284 2840 0 0 0 -1.8176395394111946 0.9056335083385664 0.9491296375501147 0.9516191568902825 0.9500259616611945 0.9497433581492672 0.9500057960736801 0.9499984303781611 0.9499691890322305
285 2850 0 0 0 -1.829109793151083 0.9143410774539515 0.9475221606553249 0.9527194736304763 0.9494756188955861 0.9498053347674383 0.9499044924906616 0.9500089013920388 0.9499891876237367
286 2860 0 0 0 -1.829913836146033 0.9173719685634996 0.9507169711262263 0.9532716584393395 0.9492233152993348 0.9497880208942509 0.9498662307825049 0.9500215592427913 0.9500245394315403
287 2870 0 0 0 -1.83733476264694 0.9269578518747086 0.9540099255649679 0.9496168818104409 0.9497696869261026 0.9495961324487887 0.9499092131428327 0.949949175637513 0.9500056539934706
288 2880 0 0 0 -1.8267816325770023 0.9196711244748406 0.9573305322807313 0.949231263450934 0.949915675244699 0.9497792633884465 0.9498570259002207 0.9499682626666811 0.9500197724079309
289 2890 0 0 0 -1.8160763338148744 0.915657459491002 0.9570722620294666 0.9501516144330124 0.9502674751290842 0.9499736623928835 0.9499422383029817 0.949965505500598 0.9499984443250147
290 2900 0 0 0 -1.8123918373291443 0.9136915694995098 0.9561852459609054 0.9502647879176312 0.9502284717023268 0.950086607257159 0.9498916374811136 0.9499397220608191 0.9500010285416401
291 2910 0 0 0 -1.8150042309752101 0.9179722909279504 0.9540955140632453 0.9505879669739764 0.9499158148135445 0.9500641366141268 0.9499579572021852 0.9499501148832445 0.9500009318473592
292 2920 0 0 0 -1.8149106905282555 0.9188538199220906 0.950385679163061 0.9514872673328421 0.9499550305837596 0.9503022555938124 0.9498769010849988 0.9499646013043981 0.9500056271489296
293 2930 0 0 0 -1.809812048960163 0.9155064064793157 0.9506869907570652 0.9504376763967165 0.9501181316792681 0.9500860531907828 0.949908413294039 0.9499535187182538 0.9500131745652957
294 2940 0 0 0 -1.7963182557668096 0.9080347711731781 0.951206330856724 0.9502080526078309 0.9503877003808642 0.9501585663515228 0.9499383808098009 0.9499477466737245 0.9499995796103711
295 2950 0 0 0 -1.794584619494144 0.9109413982519436 0.9538732404857984 0.9510424934063062 0.9504192107105479 0.9502815885864077 0.9499975381729343 0.9499670383620215 0.9500182922781752
296 2960 0 0 0 -1.783167827634805 0.910686108421165 0.9551914046158709 0.9499532844987107 0.9504977259926894 0.9502109077516299 0.9500271917707835 0.9499320707150369 0.9500050306987524
297 2970 0 0 0 -1.7837106836425871 0.912721646418029 0.9536748864868148 0.9507096006704326 0.9502062301249027 0.9502032678293499 0.9499459507115072 0.9499372879670636 0.9499893366396858
298 2980 0 0 0 -1.7812768411275213 0.9119093773795331 0.9553139617371638 0.9501528666191116 0.9501798092544755 0.9502387390420823 0.9500292687632609 0.9499600709643107 0.9499941305359245
299 2990 0 0 0 -1.774135061767424 0.9133462409830602 0.9556950063667528 0.9505740532403613 0.9500796124628105 0.9500882602656243 0.9499871632745756 0.9499715971879138 0.9499953396720167
300 3000 0 0 0 -1.7709476746375057 0.9149506003158705 0.9537700530654597 0.9511165559399753 0.9499384083694278 0.9501104544400947 0.9499817474665042 0.9500203891438946 0.9499907384501691
301 3010 0 0 0 -1.7638584361902416 0.9182861653312312 0.9559795117188183 0.9514052012648672 0.949400596417744 0.9500923308585908 0.9501039818034499 0.9500267142070157 0.9499934083668936
302 3020 0 0 0 -1.7637930214489403 0.9267734573625511 0.9568708536476803 0.9520880190837381 0.9496413456502282 0.9501963867528228 0.9500809588223804 0.9500193842613093 0.9499641990794486
303 3030 0 0 0 -1.7555513818314035 0.9252025385950701 0.9555966102570899 0.951813220598569 0.9490396541257761 0.9502931091010802 0.9500718579431155 0.9500088718383657 0.9499525419274959
304 3040 0 0 0 -1.7404174003417978 0.920003991391801 0.9580618533713688 0.9518052857445869 0.9491540285878503 0.9505678352607542 0.9501055546508188 0.9499756881766597 0.9499583907732029
305 3050 0 0 0 -1.7204095743567074 0.9135473617578805 0.9541505700252758 0.9505603122016748 0.9486755225096792 0.9504684827175324 0.9501235873229786 0.9499890544679107 0.9499547605277994
306 3060 0 0 0 -1.7176633099769976 0.9166478763123866 0.9526069835850669 0.9495953529665617 0.9489249096633517 0.9501844127965499 0.9500727323311633 0.9499861869361473 0.9499449360937857
307 3070 0 0 0 -1.7341476759496421 0.920637799169759 0.9541052662838629 0.9489258332729514 0.9492557011537877 0.950211233483078 0.950072367311417 0.9499907720358394 0.9499641106413655
308 3080 0 0 0 -1.7182321755929753 0.9172266823310703 0.9545137091687399 0.9502652331181959 0.9493717094711502 0.9501266468999238 0.9500715588411542 0.9499984816814425 0.9499720835777423
309 3090 0 0 0 -1.7059563847181505 0.9191040939384234 0.9579985097827427 0.950151804653942 0.9490149496774144 0.9503707689813587 0.9500228798614386 0.9500175726844676 0.9499660138733341
310 3100 0 0 0 -1.7030122702374315 0.9175818124353392 0.9535955200243196 0.9516820194589705 0.9493548308818132 0.9503376406657315 0.9498659567446363 0.9500181976357462 0.9499742764381504
311 3110 0 0 0 -1.6748303938549425 0.9118436292297165 0.9549896051514185 0.9523079412770759 0.9495982181903674 0.9501756575734283 0.9497688598958065 0.9500957996379376 0.9499668626578966
312 3120 0 0 0 -1.6507915194818197 0.9024456673033713 0.9540923990672739 0.953861597261046 0.9498376869487679 0.9500321851174013 0.9499125804348086 0.9500513092989226 0.9499587089466631
313 3130 0 0 0 -1.6488259219713013 0.9086191604193691 0.9510326135802484 0.951832882410127 0.9499652972405804 0.9500253966639371 0.9498416476942421 0.9500384233195138 0.9499548375765389
314 3140 0 0 0 -1.6212909635164712 0.9148016577187513 0.9492994112409417 0.9518944574587999 0.9494585590293417 0.9500872668451581 0.94997565648066 0.9500721129437747 0.9499432800575135
315 3150 0 0 0 -1.578117196926336 0.9171072980201039 0.9537572868387163 0.954002488150553 0.9497685034516947 0.9501647937089126 0.9499209757720858 0.950091200349467 0.9499411229598813
316 3160 0 0 0 -1.5449857584929334 0.9161099951736275 0.9526075347731612 0.9534788563527589 0.9500548107398515 0.9501195779265535 0.9497704809918615 0.9500882464078763 0.9499466467901917
317 3170 0 0 0 -1.5277241927578151 0.9171233385016557 0.9559028657036444 0.9527753890662434 0.9495174549311562 0.950036790554367 0.949869757612194 0.9500566253050959 0.9499719096841466
318 3180 0 0 0 -1.4924141040591186 0.9106581676090042 0.9531629096047288 0.9526965800322561 0.949296517847227 0.9494322032992007 0.9496806972006071 0.950045660312344 0.9500057157765947
319 3190 0 0 0 -1.4717397638865997 0.9272375483445872 0.9525242712722429 0.953365592843789 0.9500979717462578 0.9496938509324401 0.9497829014193807 0.9500265274352562 0.9500187614629066
320 3200 0 0 0 -1.4444035550242897 0.9154536480795402 0.9509450773725736 0.9515673732328686 0.9502135463625049 0.9494301245288627 0.9501511339122753 0.9499387680186719 0.950031454247926
321 3210 0 0 0 -1.4017684230850316 0.9383986620885729 0.9590876106613305 0.9509965510117545 0.949657295433451 0.9496521779498043 0.9502485838114655 0.9499747306241528 0.9500337343665045
322 3220 0 0 0 -1.3704115298839379 0.9522205874858014 0.9563423859813012 0.9450124084377862 0.9502541913904954 0.9500029529377505 0.9502927887889707 0.9499534114223306 0.9500549669697878
323 3230 0 0 0 -1.3803429040994875 0.9326974786605574 0.9479604449243925 0.9497666175570134 0.9498979008703652 0.9502800501201137 0.950243673496192 0.9500321454486971 0.9500264392287854
324 3240 0 0 0 -1.3682429174775985 0.9693054202970143 0.9472496358173202 0.9492844279815825 0.9508964719443377 0.9506671315172487 0.9503106173515691 0.9500843481509462 0.9500346215805533
325 3250 0 0 0 -1.34201059900236 0.9482990452413175 0.9505284539771187 0.9488414016088161 0.9513009185620785 0.9501115787420447 0.9504037748447246 0.9501189208889972 0.9500676251775433
326 3260 0 0 0 -1.3857108083011078 0.9401717807494828 0.9541973119426285 0.9522520903226194 0.9526506785480436 0.9498255515728147 0.9501551813893757 0.9500735412456394 0.9500574341479793
327 3270 0 0 0 -1.3572102663716974 0.9375006553190178 0.9414364201455877 0.9463642407713426 0.9511960643997058 0.950094744493768 0.9503114131630978 0.9500372646767137 0.9500217482686472
328 3280 0 0 0 -1.3488415996561498 0.9442690450645773 0.9504849525336853 0.9499265203220284 0.9515445485745199 0.9499719332315489 0.9501382698596906 0.9500259184363035 0.9500544525401897
329 3290 0 0 0 -1.3447034318326758 0.957265068325527 0.9510200858272367 0.9482176777726551 0.9513753044151403 0.9500018109861667 0.9502300043678378 0.9499439643425605 0.9500234522894233
330 3300 0 0 0 -1.3575033716616354 0.9602339913156939 0.949289908212686 0.9479163435926008 0.9500291202639296 0.9497129028034861 0.9501519533964643 0.9499532555393837 0.9500008175576902
331 3310 0 0 0 -1.3833103988081876 0.9733915316556797 0.9559848332354555 0.9502093910127365 0.9503589750242627 0.9498462744823261 0.9500578246265278 0.9500457888439895 0.950014758750841
332 3320 0 0 0 -1.3742017305877074 0.9707295446458617 0.9562736876085292 0.9495434819707551 0.9501196794066902 0.9500815703222503 0.9501842213346868 0.950027559418014 0.9499870948368772
333 3330 0 0 0 -1.34969533790671 0.9617678711608375 0.9522456507391877 0.9498430882156146 0.9503873711834855 0.9500031701367782 0.9502588798706989 0.9499833677138833 0.9499936297498065
334 3340 0 0 0 -1.3627362608513975 0.9561132743840736 0.9534187550379135 0.9504997288297811 0.9501166086545971 0.9501650303188335 0.950230024350923 0.9499811534353715 0.9500080761514715
335 3350 0 0 0 -1.3760637559119702 0.9501208964398629 0.9542838881622558 0.9513045252444176 0.9503329491389364 0.9500545863049676 0.950101337971469 0.9500120628233275 0.9499981647349243
336 3360 0 0 0 -1.3725015750621319 0.9368737642676173 0.9523929356018423 0.9512113509860088 0.9508712995372777 0.9499686489642813 0.9499410117792514 0.9500113164486922 0.949994349350522
337 3370 0 0 0 -1.358298082052477 0.9440765027524084 0.9577593673949392 0.951337207038645 0.9505309011309897 0.9498565671851639 0.9500399477417183 0.9500071222254147 0.9499968114077684
338 3380 0 0 0 -1.3654437308406635 0.9495129731144343 0.9535488243728938 0.9491910671348842 0.9502114038931841 0.9495574569985508 0.9499837165230388 0.9499819032996641 0.9500113249532899
339 3390 0 0 0 -1.3604798494249837 0.9444682002086712 0.9516401529069044 0.9497873483707128 0.9498657327352317 0.9496504708835658 0.9499070335934675 0.9500391928303038 0.950004964979337
340 3400 0 0 0 -1.3505052906911392 0.9480175657200536 0.9520269082447396 0.9500436604973166 0.949718802106835 0.9499048761645177 0.9499383623681903 0.9500291230848206 0.949995362001195
341 3410 0 0 0 -1.3585835302801075 0.9418486721585415 0.9486550027998246 0.9494525275835143 0.9501591359434025 0.950048796341322 0.9499790634917694 0.950057790128053 0.9499841537694546
342 3420 0 0 0 -1.356793330930409 0.9486974491244585 0.9495486146684593 0.9496846808204543 0.950318355787892 0.9500013838735177 0.9499277334576353 0.9500299832933711 0.9499965757390254
343 3430 0 0 0 -1.3358748409291394 0.9509201472650401 0.9503475388331369 0.9496363150977695 0.9504680104969636 0.9500214759423606 0.9499335746075303 0.9500286730894543 0.950001071923826
344 3440 0 0 0 -1.3467778532286838 0.9485018190953256 0.9497676063810064 0.949189316155404 0.9504327578731604 0.9501489627366295 0.9499367865304456 0.9500460095328945 0.9500074082865141
345 3450 0 0 0 -1.3368010790023843 0.9499778086581744 0.9484287022722911 0.9494543873923809 0.9500405562567857 0.9500853336706948 0.9499264387515295 0.9500392131582868 0.9500148482313457
346 3460 0 0 0 -1.3441330441948525 0.9508455317646565 0.948821737845887 0.9492681152519541 0.9500691243452559 0.9502014902075215 0.949969694352747 0.9500175448390868 0.9499978883717872
347 3470 0 0 0 -1.344791752651187 0.9549203019621539 0.9498166339222481 0.9486954584511192 0.9500469389474105 0.9500917052730523 0.9499947193661722 0.950009702307824 0.9499892477980757
348 3480 0 0 0 -1.3441940076087606 0.9514238995088768 0.9484869251893657 0.9496766960339157 0.9501522403132003 0.9500465716299431 0.9499679134211377 0.9500258912418378 0.949992192372544
349 3490 0 0 0 -1.35102438089248 0.9514154851127921 0.9486482900978908 0.9488999095233024 0.9499745785490307 0.949972368146716 0.9499713756816066 0.9500223850396434 0.9499928984253232
350 3500 0 0 0 -1.3532885380162007 0.9482629599607733 0.9490979730559868 0.949614044926537 0.9499323733314154 0.9500012348060444 0.94998478447802 0.9500204292050075 0.949999546984547
351 3510 0 0 0 -1.3526935480867688 0.9498054959446653 0.9497430647446093 0.9499327216993534 0.9500935544059107 0.9500651826278788 0.9500089300927336 0.9500087082083595 0.9499996496727952
352 3520 0 0 0 -1.351133396573816 0.9512667598337119 0.9504045480542112 0.9502820961634879 0.9499850648162727 0.9501382271896669 0.9500180759429767 0.950009292319363 0.9499966550066675
353 3530 0 0 0 -1.3517676369534013 0.9534875335569899 0.9501105411771378 0.9498223227903763 0.9500336998856078 0.950025329793684 0.9500051193443617 0.9499949906939796 0.9499967159901297
354 3540 0 0 0 -1.3470065561920297 0.953319869632456 0.9496845735072745 0.9499086756349987 0.9499499890676278 0.9499553203207018 0.9500050996643957 0.9499986886374359 0.9499980381706528
355 3550 0 0 0 -1.3488975948053086 0.9518116640560496 0.9491121349060103 0.9502346552881784 0.9500115831208316 0.9499591551526151 0.9499832195257107 0.9499990677973786 0.9500003811376461
356 3560 0 0 0 -1.3486168275518795 0.9500990036328003 0.9490681761105773 0.9501270951256362 0.9499990331493467 0.9499529754897608 0.9500046955927564 0.9499978156155854 0.950003497720882
357 3570 0 0 0 -1.3516652646284355 0.9488938538426277 0.9494959493150684 0.9501107964765017 0.9499235842606191 0.949981368686229 0.9499912712718641 0.950006583724949 0.9500006454516761
358 3580 0 0 0 -1.347298792932414 0.9488472124067573 0.9497673784663716 0.9500204470593917 0.9500068539607739 0.9499830825134001 0.9499972017733124 0.9500065890926304 0.9500000414703885
359 3590 0 0 0 -1.3493934271695678 0.9498059206968656 0.9496669835433731 0.9500216811927972 0.9499814294853346 0.9499898404767794 0.9499996694309952 0.9500053742265191 0.9500006313649211
360 3600 0 0 0 -1.3483274581260027 0.9491490028478571 0.9495140613048736 0.9500755901602723 0.9500323553764799 0.9499978298961761 0.9499974110173989 0.9500087605957557 0.9499987412844043
361 3610 0 0 0 -1.3514401709748605 0.9498393901483083 0.9496715637149516 0.9501835050516619 0.9499847385724577 0.950012853573741 0.950002294138219 0.9500014358348698 0.9499993170292946
362 3620 0 0 0 -1.3488080689866007 0.950415003187786 0.9498232485392856 0.9500077060157216 0.9499753401706641 0.9500163816833488 0.9499976316840454 0.9500030664783761 0.9500002613287606
363 3630 0 0 0 -1.348566561735243 0.9498697836652762 0.9499779860479396 0.95008330012518 0.9499674620569957 0.9500139459486697 0.9499998031612928 0.9499999612709928 0.9499996152268172
364 3640 0 0 0 -1.3481303485204352 0.9492964046170174 0.9499789733384509 0.9500634824807623 0.9499758301011262 0.9500266135130292 0.9499978876444147 0.9499978789028821 0.9500000573705069
365 3650 0 0 0 -1.3488969065682834 0.9495204884762427 0.950169494185069 0.9500435460175638 0.949945746437838 0.9500147965715264 0.9500015300215716 0.9500010975478993 0.9499991497663165
366 3660 0 0 0 -1.3500137425598262 0.9494628262390785 0.9500856364716037 0.950041719862027 0.9499535260953497 0.9500001801323886 0.9499985457045235 0.9500023555590348 0.9499992179545736
367 3670 0 0 0 -1.3497409408705008 0.9496924642215383 0.9501053243568717 0.9499515661162891 0.9499602617411663 0.9499998111848724 0.9499950353494941 0.9500029902789949 0.9499989706898299
368 3680 0 0 0 -1.3502289443860322 0.9498348634421664 0.9501294524288509 0.9499283045301253 0.9499658632534534 0.9500063005228292 0.9499950538947988 0.9500025240306584 0.9499991202064149
369 3690 0 0 0 -1.3495322538434225 0.9496636334135208 0.9499593226133409 0.9499946753763755 0.9499785708746117 0.9500030047926294 0.9499982474570768 0.9499996121488532 0.9500001967013451
370 3700 0 0 0 -1.3492797480430712 0.9499016624005645 0.9499861833143085 0.9500153736460846 0.9499852752611381 0.9499949639900542 0.9499999654686703 0.9499991598441043 0.950000303855089
371 3710 0 0 0 -1.3490948442025883 0.9498318808204448 0.9500379737826813 0.9500028192872796 0.9499763493307085 0.9499990665259518 0.9500000515340913 0.9500001106209838 0.950000202463461
372 3720 0 0 0 -1.3495637744835867 0.9500396550736229 0.9500078565334289 0.9499802296956152 0.9499848565098034 0.9499976834601117 0.9499981434330831 0.9499995079541866 0.9499997698147268
373 3730 0 0 0 -1.3492957044498017 0.9501085827402074 0.9500333527076381 0.9499733859677335 0.949996443713472 0.9499965104731461 0.9499983244268928 0.9500000769287428 0.9499997736443486
374 3740 0 0 0 -1.3492838904071809 0.9502196425224908 0.9500818487075975 0.9500038684619003 0.9500033085163017 0.9500003137570102 0.9500000885766616 0.9500006612921149 0.9499995198652238
375 3750 0 0 0 -1.3495814558982004 0.950183012541931 0.9501151326134072 0.9500191887628814 0.9499965257197864 0.9500009523034245 0.9499979968555238 0.950001722059045 0.9499999783222703
376 3760 0 0 0 -1.3496068720626384 0.9502156937265994 0.9500461791445685 0.9500099230547299 0.9500043726250696 0.9499942372005713 0.9499972231114965 0.9500006108287424 0.9499996822539496
377 3770 0 0 0 -1.3499109204960578 0.9502448309874896 0.9500204123151271 0.9500065196200952 0.9500096122636614 0.9500041877097495 0.9499976097300081 0.9500000438465966 0.9499997641364203
378 3780 0 0 0 -1.3500888268971822 0.9501899643570867 0.9499694568472667 0.94999310612577 0.9500182814658851 0.9500081432641779 0.9499970043109015 0.9499998584910909 0.9500000914821198
379 3790 0 0 0 -1.3499502200551927 0.9501975650879575 0.9499900784335393 0.9499710843576656 0.9500077323638052 0.9500064469472289 0.9499976927275223 0.950000586567526 0.9500000983689671
380 3800 0 0 0 -1.350187746364645 0.9501665875237773 0.9500208203743719 0.949970900058478 0.9499967827561743 0.9500082726834624 0.9499999453489227 0.9500010703374762 0.9500000630912125
381 3810 0 0 0 -1.3499315905613056 0.950052252682627 0.95000071728867 0.9499742796768978 0.9499986006876132 0.9499994489511194 0.949999692129366 0.9500007312337886 0.950000096456209
382 3820 0 0 0 -1.3500924668202055 0.9500194349730686 0.9499920679863542 0.9499736909499051 0.9499873201156573 0.9499980951606087 0.9500003463092485 0.9499997786549742 0.9499998630421655
383 3830 0 0 0 -1.3499169016502077 0.9498605476185176 0.9499698917805945 0.9499869010506944 0.9500003956080835 0.9499969746599343 0.9500001428572942 0.9499999398908457 0.9499997905893097
384 3840 0 0 0 -1.3504704963184737 0.9499430156520462 0.9499714936197762 0.9500034805527219 0.9499940023280167 0.9499967039216757 0.9500004581079079 0.9499998750547751 0.9499997267976822
385 3850 0 0 0 -1.3502357346412244 0.9498179286573663 0.9499560180607078 0.9500119442312829 0.9499950306728987 0.9499975315881285 0.9500006206739602 0.9499992169643774 0.9499996757252994
386 3860 0 0 0 -1.3500982482607187 0.9498900769998802 0.9499697967334395 0.9500041646093009 0.9499949553020822 0.9499983137157887 0.9500005754954265 0.9499995586821822 0.9500000402622556
387 3870 0 0 0 -1.349785178289862 0.9498924386167331 0.9499808383677301 0.9499960816201001 0.9500028160871208 0.9499992417424504 0.9500006006773946 0.9499998001173879 0.9499999459272168
388 3880 0 0 0 -1.3499162318854836 0.949918093386007 0.9499646506785115 0.9499975452307939 0.9500047502745725 0.9500013876856775 0.9500007568793452 0.9500002259707838 0.9499999199689818
389 3890 0 0 0 -1.3500519079477176 0.9499457267195013 0.9499812837958195 0.9499869156617428 0.9500014460125497 0.9499981496555433 0.9500002704053134 0.9500000822231597 0.9499998451787385
390 3900 0 0 0 -1.3500422544462312 0.9499257628209126 0.9499957648392064 0.9499955815496698 0.9500013432809982 0.9499990327375567 0.9500004970344335 0.9499998886696852 0.9499997366841042
391 3910 0 0 0 -1.3500272494553751 0.9500106764149893 0.9499862890027675 0.9500070222239786 0.9500039709257033 0.9500005979170779 0.9500004734351293 0.949999825706119 0.9499997173435181
392 3920 0 0 0 -1.3500652652669296 0.949951835041379 0.9499581100638915 0.9500022165390147 0.9500024123919459 0.9500003411807276 0.9499998665511934 0.9499999348448658 0.9499997771739142
393 3930 0 0 0 -1.3500299572002399 0.9499995544313805 0.9499814581925041 0.9499981796352677 0.9500025128439189 0.950001179902868 0.9500003464669855 0.9500000544570106 0.949999863674643
394 3940 0 0 0 -1.3500839101641997 0.9499535743365435 0.9499860051391891 0.9500043071605223 0.9499997943518689 0.9500016904756486 0.9500005508132833 0.9500001204875304 0.9499997977849175
395 3950 0 0 0 -1.3499999875054767 0.9499839323930503 0.9499796636800754 0.9499961792478488 0.9500028755492864 0.950001582827769 0.9500002791526658 0.9500002313263405 0.9499998775130021
396 3960 0 0 0 -1.3499359176992058 0.9499362294871844 0.9499942346328532 0.9499963180242288 0.9500028406895535 0.9500006002294761 0.950000392169653 0.9500003697710315 0.9499999043638895
397 3970 0 0 0 -1.349954031871445 0.9499551884282982 0.9499877116713994 0.9499932332271197 0.9500021685571993 0.9499997921582007 0.9500001632715026 0.9500002898341373 0.9499999111083068
398 3980 0 0 0 -1.349933714519115 0.9499694764954845 0.9499843020137841 0.9499963658946469 0.9500031501596986 0.9500001763251491 0.9500003151306881 0.9500002590934488 0.9499998666113016
399 3990 0 0 0 -1.349953933724248 0.949994613501301 0.9499854072467887 0.9499937631995803 0.9500029641013001 0.9499999124294641 0.9500001804528676 0.9500001752647222 0.9499998831810076
400 4000 0 0 0 -1.3500044612458117 0.950012798073803 0.9499875852966378 0.9499947377349032 0.9500019553532331 0.95000023695591 0.9500001826881896 0.950000142531606 0.949999943623332
401 4010 0 0 0 -1.3500675118804564 0.949998031049303 0.949991063420609 0.950000451435857 0.950001825154084 0.9500001758984353 0.9500003659848101 0.9500001810981644 0.949999924676552
402 4020 0 0 0 -1.3500472981940124 0.9500266925812119 0.9499971292226415 0.9499989728309346 0.9500010025872003 0.9499999516830738 0.9500004365401978 0.9500000741616853 0.9499999218297228
403 4030 0 0 0 -1.3500239051171483 0.9500079772674339 0.9499975760628471 0.9499972470745589 0.9500008857324497 0.9500003704867294 0.9500003646471703 0.9500000057131861 0.9499999500566875
404 4040 0 0 0 -1.3499888004495135 0.9499869316231948 0.9500015134679252 0.9499997210073549 0.9500012860297838 0.9500001422045092 0.9500003655817159 0.9500000772431503 0.9499999420138036
405 4050 0 0 0 -1.3499835074172994 0.9499761873095514 0.9500023268283908 0.9499989461929612 0.9500002219774953 0.9500002429320011 0.9500005202967916 0.9500000816301878 0.949999960107277
406 4060 0 0 0 -1.3500203216969335 0.9499980482542506 0.9499969053756759 0.9500018215598961 0.9499999902519398 0.9500002592689943 0.9500005066501467 0.950000069517393 0.9499999738854565
407 4070 0 0 0 -1.3499960919545506 0.9499983244051776 0.949992668798413 0.9500007948058138 0.9499999110128157 0.9500002613182761 0.9500004831005423 0.9500001012338779 0.949999976082623
408 4080 0 0 0 -1.3500000987200942 0.9500052396149374 0.9499914308761798 0.9500009690225634 0.9500001520534306 0.9500002893413249 0.9500005595970566 0.9500000394661655 0.9499999808085
409 4090 0 0 0 -1.3500091290523037 0.9500105510103317 0.9499926392123968 0.9500016684252199 0.9500002109082981 0.9499997905677476 0.9500005159148757 0.9500000314391904 0.9499999922653211
410 4100 0 0 0 -1.3500026692594485 0.9499993437581751 0.9499901393241452 0.9499996876509444 0.9500002752992702 0.9499998720007308 0.9500005556968323 0.9500000294609197 0.9499999922746057
411 4110 0 0 0 -1.3500244615531038 0.9499932008529811 0.9499906442837175 0.9500001629386029 0.9500005060737421 0.9499999929960572 0.9500005095078188 0.9500000572754972 0.9500000015232329
412 4120 0 0 0 -1.3500142186659172 0.9500058370251377 0.9499955656610484 0.9499998815342787 0.950000180348971 0.9499997400220089 0.950000432821632 0.9500000598090182 0.9499999905828508
413 4130 0 0 0 -1.3500240042003315 0.9500072623204333 0.9499971444068404 0.9500006412272165 0.9499997108818488 0.9499997621375533 0.9500004194628004 0.9500000527546216 0.9499999977502547
414 4140 0 0 0 -1.3499926109309655 0.950003833110656 0.9499977388490272 0.9499978287553962 0.9499998385306642 0.9499997187754856 0.9500003620898326 0.9500000790701189 0.9499999975239647
415 4150 0 0 0 -1.350008698685251 0.9500079041587064 0.9499974843662762 0.949999333241243 0.94999957615728 0.9499997292170459 0.9500003156770913 0.9500000612573396 0.9500000062633923
416 4160 0 0 0 -1.3500188199161558 0.9500060920146375 0.9500007422927083 0.9499977605340871 0.9499993065395139 0.9499996270276019 0.9500002905322006 0.9500000144510253 0.9500000055034356
417 4170 0 0 0 -1.3500245907785806 0.9500062578101736 0.9499985766386735 0.9500008114674845 0.949999700811736 0.9499994302399393 0.9500002695430382 0.9500000275019749 0.9500000186254979
418 4180 0 0 0 -1.3500120416584782 0.9500013013483184 0.9499984087376874 0.9499992430836398 0.9500002031243026 0.9499995359715605 0.9500001930246023 0.9500000405037069 0.9500000217073673
419 4190 0 0 0 -1.3500171603683349 0.9499982923523137 0.9499988542497317 0.9499992716253406 0.9500004030525899 0.9499997336298922 0.9500001276377528 0.9500000244362969 0.9500000226209387
420 4200 0 0 0 -1.3499988799462896 0.9499986912362343 0.9499972720277116 0.9499995663076203 0.950000528766495 0.9499998669653853 0.9500001279026826 0.9499999996205669 0.9500000324112079
421 4210 0 0 0 -1.349996676778497 0.9500009722914897 0.9499990958609388 0.9500000007234531 0.950000271385596 0.9499998386023644 0.9500000902699609 0.9499999817160957 0.9500000276113867
422 4220 0 0 0 -1.349997805291431 0.9500011360792279 0.9499987776390726 0.9500002024571501 0.9499997236979101 0.9499997949943417 0.9500000807292879 0.9499999850082316 0.950000019541839
423 4230 0 0 0 -1.350005248325846 0.9500001542950887 0.9499988757923813 0.949999305640758 0.9500002620382839 0.949999954962757 0.9500000897592359 0.9499999892704489 0.9500000163444565
424 4240 0 0 0 -1.3499925610463543 0.9500007914820019 0.9500022077567891 0.9499983624355874 0.9500004038929507 0.9499999548200865 0.9500000156831006 0.950000002398693 0.95000001057506
425 4250 0 0 0 -1.3499996852504104 0.9499961466310203 0.9500002678934769 0.9499989792049535 0.9500002773029819 0.9499999788815788 0.9500000208542366 0.950000014653116 0.9499999933946586
426 4260 0 0 0 -1.349981571063091 0.9500003727346089 0.9500014082941938 0.9499992910658106 0.9500004640133923 0.9499999171659876 0.9499999746585904 0.9499999918707852 0.9500000076683265
427 4270 0 0 0 -1.3499994771546369 0.9499959860733813 0.9500017420355582 0.9499995648458045 0.9499998581027544 0.950000022011163 0.9499999840039641 0.9499999918079923 0.9500000034772582
428 4280 0 0 0 -1.349994345164504 0.9500007480141048 0.949998500596686 0.9500004121207417 0.9499997118880414 0.949999937649674 0.9500000327464037 0.9500000007775428 0.9499999942814753
429 4290 0 0 0 -1.3499980788356025 0.9499995747487591 0.9499987948478613 0.950000050770078 0.949999787705693 0.9499999735556816 0.9500000126740359 0.950000034261696 0.9499999865500416
430 4300 0 0 0 -1.3500085438728617 0.9499982023411006 0.9499997204483123 0.9500001321083591 0.949999866200433 0.950000017498801 0.9500000097708019 0.9499999974603136 0.9499999876819496
431 4310 0 0 0 -1.3500077797770096 0.9500013336184654 0.9499992306400001 0.9500006219496687 0.9499998849372154 0.9500000035678566 0.9499999946636741 0.9499999928916015 0.9499999967967159
432 4320 0 0 0 -1.350003246920976 0.9500005863185694 0.9499991208306826 0.9500005526490999 0.9499997996508077 0.9499999802000214 0.9499999709385282 0.9499999990578112 0.9499999946533699
433 4330 0 0 0 -1.3500017494990726 0.9500017276000349 0.9499992295785925 0.9500000406462372 0.9500000835661822 0.9500000317893399 0.9499999737425214 0.9500000062346281 0.9500000010169519
434 4340 0 0 0 -1.3500030000836458 0.9499989715057285 0.9499991383872807 0.9499998718935687 0.9500000199566498 0.9500000923624626 0.94999997895727 0.9500000268291398 0.94999999669283
435 4350 0 0 0 -1.3500049646698626 0.9499998614120231 0.9499994724448041 0.9499998461751611 0.9499999519296045 0.9500000770290509 0.9499999781956957 0.9500000057814969 0.9499999956226136
436 4360 0 0 0 -1.3500060367071798 0.9499979291971983 0.9499997601436277 0.9499998907605247 0.9499998883830781 0.9500000386747475 0.9499999623831494 0.9500000109835011 0.9499999992818324
437 4370 0 0 0 -1.3500047073203063 0.9499998848349946 0.9499994213138027 0.9499995841138329 0.9499999481433696 0.9500000511275632 0.9499999594907924 0.9499999914006829 0.9500000029648642
438 4380 0 0 0 -1.3499993913258115 0.949999912924523 0.9499997194704302 0.9499996521140608 0.9499999637247027 0.950000041787307 0.9499999798407248 0.9499999878113611 0.9500000008038109
439 4390 0 0 0 -1.3500015691087037 0.9499996422395356 0.9499998205278872 0.9499996668530717 0.9499999841638478 0.950000052211218 0.9499999689827606 0.9499999997065813 0.9499999972615359
440 4400 0 0 0 -1.3499982094434513 0.9499999404488416 0.9500000984632291 0.9499997726152953 0.9500000177253004 0.9499999996620434 0.9499999676352644 0.9499999898837428 0.9499999986825054
441 4410 0 0 0 -1.3499971309581935 0.9499993952584637 0.9499999220464082 0.9500000319370183 0.949999988651606 0.9499999960955199 0.9499999791644042 0.9499999958809117 0.9499999981997399
442 4420 0 0 0 -1.3499980690095013 0.9499990811295799 0.9499997464933446 0.9500000710549807 0.9499999951465802 0.9499999996009736 0.9499999909715245 0.9499999947369451 0.949999998893653
443 4430 0 0 0 -1.3499971341227508 0.9499991704685613 0.9499994372372256 0.9500000364538159 0.9500000040702371 0.9500000229351011 0.9499999922791892 0.9499999981134004 0.9500000000642939
444 4440 0 0 0 -1.3499963106147683 0.9499997393452815 0.9499994411717347 0.9500001341525657 0.9500000390611691 0.9500000183670113 0.9499999975061741 0.9500000014349381 0.9500000006270469
445 4450 0 0 0 -1.3499971936146664 0.9500003695776505 0.9499997214294227 0.9500001357232648 0.9499999724586798 0.9500000067476225 0.9499999968545618 0.9499999984376817 0.9500000006207187
446 4460 0 0 0 -1.3499979705928695 0.9500003720143123 0.9499999311359264 0.9499999773163569 0.9499999789294256 0.9500000014221177 0.9499999972893933 0.9499999969512005 0.9500000014768722
447 4470 0 0 0 -1.3499963900935978 0.9500000846296157 0.9499999850225888 0.9500000223906848 0.949999979100096 0.9500000105704087 0.949999997657719 0.9499999991278717 0.9500000022369349
448 4480 0 0 0 -1.3499961714422584 0.9499998983094207 0.949999737895896 0.9499999137405198 0.9499999386778457 0.9500000124576445 0.9500000085835212 0.9499999967643895 0.9500000015072674
449 4490 0 0 0 -1.3499959855726014 0.950000033732803 0.9499997366278766 0.9499999218481608 0.9499999874405479 0.9500000173837605 0.95000000817645 0.9499999965552891 0.9500000014760753
450 4500 0 0 0 -1.3499957467460841 0.9500001625255335 0.9500000973047614 0.9499999830733737 0.949999979177297 0.9499999841417146 0.9500000061893432 0.9499999966076693 0.950000000503161
451 4510 0 0 0 -1.3499964343612363 0.9500001986104443 0.9500000213103348 0.9500000547992538 0.9500000348013291 0.9499999849927867 0.9500000042893222 0.9499999982584196 0.9499999995980983
452 4520 0 0 0 -1.3499974068122913 0.9499999748826787 0.9499999392355766 0.9500000314918856 0.9500000329157339 0.9499999810229265 0.9500000067678088 0.9500000002944735 0.9499999985140091
453 4530 0 0 0 -1.3499977249120048 0.9499996713163347 0.9500000261502084 0.9500000035878439 0.9499999968739774 0.9499999902958879 0.950000001779847 0.9500000015857989 0.9499999991093236
454 4540 0 0 0 -1.3499977529332565 0.9499998849210181 0.9500000626424856 0.9500000082089318 0.9499999880191252 0.9499999985050438 0.9500000051583891 0.9500000000231872 0.94999999986279
455 4550 0 0 0 -1.3499986998712212 0.9499994525831256 0.9499998473946805 0.9500000238876345 0.9500000069914857 0.9499999953792186 0.9500000017595377 0.9500000001445497 0.9499999999071919
456 4560 0 0 0 -1.3499994397712498 0.9499993238200264 0.9499997467459876 0.94999996365112 0.9499999904992064 0.9500000050661748 0.9500000034856342 0.9499999999415825 0.9500000004294387
457 4570 0 0 0 -1.3499997910086459 0.9499992045818565 0.9499998879545879 0.9499999670049032 0.9500000215570242 0.9500000093274461 0.9500000051350581 0.949999998947565 0.9499999995417432
458 4580 0 0 0 -1.3500002914174385 0.9499990685300862 0.9499998690599646 0.9499999309942643 0.9500000091260132 0.950000008915329 0.9500000043393044 0.9499999973303823 0.9500000004853258
459 4590 0 0 0 -1.349999588252259 0.9499988925304371 0.9499997923564572 0.9499999850028678 0.9500000028255293 0.950000003046543 0.9500000034126367 0.9499999984747267 0.9500000004670434
460 4600 0 0 0 -1.3499988043116493 0.9499988291228808 0.9499999292671442 0.9499999846519125 0.9500000113461947 0.9500000102944421 0.9500000005751223 0.9499999993064673 0.9500000005376342
461 4610 0 0 0 -1.349999392026477 0.9499990566296638 0.949999977304142 0.950000003874145 0.9500000118343963 0.9500000140777793 0.9500000043992557 0.949999997698896 0.950000000683021
462 4620 0 0 0 -1.3499993645786659 0.9499990272834166 0.9500000238319722 0.9499999968780716 0.9499999925087991 0.9500000056438326 0.9500000039532068 0.9499999987959793 0.9500000012077583
463 4630 0 0 0 -1.349999595218349 0.9499991855881793 0.9500000080867383 0.9500000149551152 0.9500000052069154 0.9500000097746152 0.9500000055683766 0.9499999965828319 0.9500000010167138
464 4640 0 0 0 -1.349999414284102 0.9499993050379143 0.9499999841165959 0.9500000439658545 0.9500000085643469 0.950000011452218 0.950000004940977 0.9499999968313941 0.9500000009092905
465 4650 0 0 0 -1.3499989625508868 0.9499992881465222 0.9499999919920114 0.9500000960655997 0.9500000081869109 0.9500000039927269 0.9500000046089576 0.9499999983600216 0.9500000004769756
466 4660 0 0 0 -1.3499988204341142 0.9499996359939566 0.9499999810730783 0.9500001199789567 0.949999998386328 0.9500000013921569 0.9500000059436748 0.9499999979651249 0.9500000003606964
467 4670 0 0 0 -1.3499985796316663 0.9499996368284658 0.950000023533083 0.9500000915801307 0.9499999911079507 0.9500000066272037 0.9500000069262515 0.9499999976015545 0.950000000316198
468 4680 0 0 0 -1.349998167598449 0.949999610916733 0.9499999461817165 0.9500001114681682 0.9499999961903602 0.9500000037990516 0.9500000075496027 0.9499999995938613 0.9500000000601064
469 4690 0 0 0 -1.3499978751440143 0.9499997354668998 0.9499999229226297 0.9500001315145906 0.9500000106878121 0.9500000075380233 0.950000011044239 0.9499999987660772 0.9500000000688789
470 4700 0 0 0 -1.349997725766452 0.9499999777372184 0.9500000290389109 0.9500000901294425 0.9500000218899417 0.9500000075928948 0.9500000117677688 0.9499999984594854 0.9500000000705178
471 4710 0 0 0 -1.3499980245178054 0.9499999953265734 0.9500000893537294 0.9500000762644523 0.9500000268431443 0.9500000118521481 0.9500000098746255 0.949999998352159 0.9500000006574537
472 4720 0 0 0 -1.349997733448398 0.950000152258909 0.9500000408649721 0.9500001089625099 0.9500000449364199 0.950000009490534 0.9500000085389703 0.9499999995207252 0.9500000009059166
473 4730 0 0 0 -1.34999830003126 0.9500001985773654 0.9500000035502286 0.950000117710667 0.9500000577461747 0.9500000099584648 0.9500000092305081 0.9499999986483812 0.9500000013405308
474 4740 0 0 0 -1.3499987189630445 0.9500001486669252 0.9500000727138954 0.9500000940549727 0.9500000665089704 0.9500000090011027 0.9500000123542522 0.9499999986751876 0.9500000015858244
475 4750 0 0 0 -1.3499994932399753 0.9499998625047998 0.949999996496984 0.9500001089418829 0.9500000600710656 0.9500000231484851 0.9500000120901995 0.9499999991788008 0.9500000005975369
476 4760 0 0 0 -1.349999169700336 0.9499997985277542 0.9499999145721787 0.9500001062279216 0.9500000517738699 0.9500000286733085 0.9500000137091672 0.9499999999419619 0.9500000003774896
477 4770 0 0 0 -1.3499986376740878 0.9499999016958498 0.9500000639534232 0.9500000088571886 0.9500000656317229 0.9500000266018191 0.9500000090781063 0.9499999984750512 0.9500000012146768
478 4780 0 0 0 -1.3499997069302405 0.9499994168588779 0.9500000057357888 0.950000012497746 0.9500000472361354 0.9500000317892371 0.9500000062319381 0.949999998485913 0.9500000013843457
479 4790 0 0 0 -1.349999149766267 0.949999553143722 0.9500000643989296 0.9499999938653214 0.9500000314922111 0.9500000314946906 0.9500000067024806 0.9500000000260629 0.9500000008975666
480 4800 0 0 0 -1.3499982077845996 0.9499995695495658 0.9500000395392788 0.9499999982390035 0.9500000328282839 0.9500000172225211 0.9500000015983825 0.9499999994733977 0.950000000876269
481 4810 0 0 0 -1.3499971470975463 0.9499998854993867 0.9500000293022476 0.9499999634779652 0.9500000201286509 0.9500000151446636 0.9500000014119596 0.9499999985152427 0.9500000011366319
482 4820 0 0 0 -1.3499970571607816 0.9499998408759871 0.9500000356571888 0.9500000099898203 0.9500000153374025 0.9500000150778927 0.9500000046587961 0.9499999980599159 0.9500000011225235
483 4830 0 0 0 -1.349996733793692 0.9499999713519254 0.9499999336534114 0.9500000339397288 0.950000021268217 0.950000020193857 0.9500000059807072 0.9499999978563777 0.950000000782056
484 4840 0 0 0 -1.3499972516169256 0.9499999828380293 0.9500000971252284 0.9500000477916123 0.9500000180564794 0.9500000198191952 0.9500000090781668 0.9499999967106434 0.9500000007592742
485 4850 0 0 0 -1.349997296946833 0.9499999633769717 0.9500000469045767 0.9500000760580473 0.9500000001231274 0.9500000085611177 0.9500000085487131 0.9499999958918504 0.9500000009884614
486 4860 0 0 0 -1.3499971598917326 0.9499999871106686 0.9500000033570396 0.9500000559793813 0.9499999973362017 0.9500000114188473 0.9500000070465583 0.9499999960685616 0.9500000010615591
487 4870 0 0 0 -1.3499967770659091 0.9500001056771007 0.9500000099482099 0.9500000577381481 0.949999997253863 0.9500000049438722 0.9500000074444895 0.9499999964131224 0.9500000011849671
